-55  -55  0  0  0  0  0  0  0  0
-55  -50  0  0  0  0  0  0  0  0
-55  -45  0  0  0  0  0  0  0  0
-55  -40  0  0  0  0  0  0  0  0
-55  -35  0  0  0  0  0  0  0  0
-55  -30  0  0  0  0  0  0  0  0
-55  -25  0  0  0  0  0  0  0  0
-55  -20  1.43045  0.210858  0.316967  0.271096  0  0  0  0
-55  -15  1.39329  0.340955  0.311811  0.331626  0.792146  0  1.89108  0.791066
-55  -10  1.50577  0.312565  0.4436  0.321431  0.420165  0.26798  0.856979  0.376434
-55  -5  1.01176  0.329682  0.393004  0.481308  0.47675  0.294785  0.897652  0.441014
-55  0  0.864186  0.331589  0.43516  0.835412  0.47  0.701553  0.620338  0.492543
-55  5  0.447604  0.305136  0.468027  1.04143  0.357968  0.714153  0.406661  0.439192
-55  10  0.446588  0.30837  0.399588  1.62939  0.432915  1.62048  0.360206  0.386578
-55  15  0.488783  0.328748  0.438675  1.90176  0.836476  2.16518  0.687141  0.823684
-55  20  0.158618  0.390966  0.357935  1.68251  0  0  0  0
-55  25  0  0  0  0  0  0  0  0
-55  30  0  0  0  0  0  0  0  0
-55  35  0  0  0  0  0  0  0  0
-55  40  0  0  0  0  0  0  0  0
-55  45  0  0  0  0  0  0  0  0
-55  50  0  0  0  0  0  0  0  0
-55  55  0  0  0  0  0  0  0  0
-50  -55  0  0  0  0  0  0  0  0
-50  -50  0  0  0  0  0  0  0  0
-50  -45  0  0  0  0  0  0  0  0
-50  -40  0  0  0  0  0  0  0  0
-50  -35  0  0  0  0  0  0  0  0
-50  -30  1.84214  0.254787  0.554153  0.300142  0.711197  0.893147  1.60237  0.673702
-50  -25  1.69054  0.28494  0.390935  0.284413  0.505328  0.231906  1.05657  0.28865
-50  -20  1.0414  0.305648  0.391064  0.315333  0.583889  0.270887  1.20663  0.438837
-50  -15  1.38574  0.36441  0.454833  0.379882  0.607441  0.310681  1.31359  0.547159
-50  -10  1.52522  0.404846  0.477067  0.480445  0.667195  0.392145  1.29328  0.581923
-50  -5  1.24433  0.416423  0.477923  0.760246  0.631181  0.597119  1.19889  0.628777
-50  0  0.965113  0.435457  0.523631  1.20468  0.60525  0.924871  0.982518  0.660593
-50  5  0.722503  0.416496  0.495823  1.5835  0.574828  1.1894  0.692399  0.695418
-50  10  0.512781  0.421037  0.476415  1.79844  0.558295  1.31638  0.546  0.623052
-50  15  0.44918  0.4144  0.472513  1.76876  0.573257  1.32103  0.512189  0.549839
-50  20  0.35308  0.377861  0.435164  1.37775  0.495523  0.960885  0.477419  0.463387
-50  25  0.339171  0.546878  0.496574  1.78643  0.402284  0.847116  0.361805  0.445391
-50  30  0.375877  0.401704  0.42981  1.88046  0.429417  0.870718  0.480916  0.474944
-50  35  0  0  0  0  0  0  0  0
-50  40  0  0  0  0  2.78697  2.68345  4.94527  2.29851
-50  45  0  0  0  0  0  0  0  0
-50  50  0  0  0  0  0  0  0  0
-50  55  0  0  0  0  0  0  0  0
-45  -55  0  0  0  0  0  0  0  0
-45  -50  0  0  0  0  0  0  0  0
-45  -45  0  0  0  0  1.00608  0.636818  2.54481  1.00903
-45  -40  1.53139  0.206465  0.323436  0.081759  0  0  0  0
-45  -35  1.64026  0.21561  0.362593  0.231375  0.789077  0.47604  4.9927  0.508036
-45  -30  1.43998  0.334862  0.425229  0.342754  0.549642  0.278678  1.18818  0.387364
-45  -25  1.68189  0.352268  0.489871  0.368632  0.625262  0.316752  1.61573  0.470357
-45  -20  1.67584  0.380931  0.51627  0.419206  0.671236  0.379872  1.65314  0.570938
-45  -15  1.54266  0.461786  0.545964  0.526778  0.749472  0.455921  1.6376  0.611271
-45  -10  1.59257  0.460446  0.56207  0.624839  0.718637  0.563646  1.62917  0.668964
-45  -5  1.40401  0.487146  0.562261  0.966339  0.708042  0.780677  1.40372  0.670429
-45  0  1.21579  0.492864  0.558455  1.33442  0.70743  0.991998  1.13516  0.728039
-45  5  0.932188  0.489828  0.589534  1.54893  0.686638  1.23236  0.876573  0.769223
-45  10  0.68533  0.519867  0.587759  1.84284  0.73145  1.51609  0.696037  0.762964
-45  15  0.566208  0.51834  0.553152  1.8272  0.687417  1.45117  0.602998  0.756142
-45  20  0.48421  0.486277  0.553163  1.85302  0.647978  1.39622  0.576622  0.738752
-45  25  0.421399  0.478865  0.508482  1.80468  0.569425  1.19386  0.571538  0.683758
-45  30  0.393799  0.441195  0.459891  1.22819  0.488326  0.859559  0.537172  0.561863
-45  35  0.357874  0.422985  0.413734  1.5519  0.655136  1.39683  0.812869  0.783235
-45  40  3.57516  2.06904  4.54679  5.11639  1.39541  1.23759  3.18411  1.4541
-45  45  0  0  0  0  0  0  0  0
-45  50  0  0  0  0  0  0  0  0
-45  55  5.39014  0.0658931  0.0474372  0.537888  0  0  0  0
-40  -55  0  0  0  0  0  0  0  0
-40  -50  0  0  0  0  1.22195  0.853095  3.89765  0.801735
-40  -45  0  0  0  0  1.99289  0.70891  5.63819  0.917576
-40  -40  2.47598  0.335449  0.426834  0.415773  0.534736  0.312872  1.19232  0.35375
-40  -35  1.42656  0.273779  0.454708  0.320457  0.560325  0.316859  1.4745  0.408007
-40  -30  1.74402  0.353131  0.497351  0.394402  0.63893  0.345629  1.69754  0.480633
-40  -25  1.78534  0.418524  0.527129  0.438019  0.723933  0.415006  1.83138  0.539409
-40  -20  1.68568  0.432883  0.539071  0.491481  0.745164  0.439998  1.80691  0.629768
-40  -15  1.68027  0.490517  0.565217  0.629737  0.742067  0.552234  1.61832  0.635147
-40  -10  1.49197  0.517589  0.582026  0.782415  0.749027  0.640291  1.5727  0.676478
-40  -5  1.46235  0.527289  0.581129  1.04111  0.765452  0.869267  1.38541  0.714999
-40  0  1.23596  0.534843  0.625404  1.26687  0.766537  1.01194  1.17762  0.726893
-40  5  0.970635  0.524681  0.599684  1.52181  0.760687  1.16846  0.96542  0.76753
-40  10  0.804557  0.548564  0.606193  1.67634  0.765334  1.38645  0.772461  0.790667
-40  15  0.655192  0.541717  0.599676  1.74567  0.729815  1.49367  0.713582  0.75758
-40  20  0.551171  0.510138  0.581295  1.71992  0.675497  1.39943  0.649262  0.832233
-40  25  0.509405  0.509007  0.564268  1.7698  0.638031  1.35884  0.631751  0.746373
-40  30  0.47448  0.477377  0.509871  1.53591  0.578666  1.25243  0.637991  0.720258
-40  35  0.388988  0.430123  0.459854  1.17548  0.459426  0.982172  0.590441  0.646142
-40  40  0.775936  0.443305  0.445779  1.57396  0.441443  0.830993  0.61005  0.540606
-40  45  0  0  0  0  1.14023  1.67495  1.53844  1.12609
-40  50  0  0  0  0  0  0  0  0
-40  55  0  0  0  0  0  0  0  0
-35  -55  0  0  0  0  0  0  0  0
-35  -50  0  0  0  0  0.260837  0.340437  0.69429  0.622895
-35  -45  1.50761  0.188684  0.411012  0.352855  0.559162  0.415844  1.93645  0.507513
-35  -40  1.5667  0.268737  0.435066  0.339562  0.567499  0.332363  1.28424  0.343
-35  -35  1.69559  0.32223  0.478731  0.373092  0.650701  0.392987  1.83156  0.480001
-35  -30  1.80371  0.371439  0.547759  0.44933  0.712844  0.423105  1.79838  0.557989
-35  -25  1.72249  0.438419  0.54439  0.510522  0.739041  0.470243  1.82811  0.600929
-35  -20  1.82303  0.48692  0.550833  0.589218  0.742667  0.546191  1.69158  0.665093
-35  -15  1.68118  0.507429  0.576367  0.728513  0.766935  0.653  1.67913  0.697551
-35  -10  1.5983  0.552406  0.592687  0.908781  0.788586  0.739738  1.56895  0.690759
-35  -5  1.45571  0.562833  0.606947  1.14539  0.765194  0.948084  1.47829  0.748331
-35  0  1.14176  0.587591  0.624787  1.27078  0.754022  1.04221  1.2107  0.73666
-35  5  1.12373  0.576357  0.64101  1.51829  0.781613  1.18099  1.06793  0.795976
-35  10  0.919575  0.559912  0.641662  1.64306  0.794952  1.32588  0.887272  0.778556
-35  15  0.771827  0.575622  0.635144  1.70106  0.764048  1.37205  0.74435  0.833752
-35  20  0.648831  0.56143  0.601885  1.77944  0.703536  1.43235  0.721982  0.862103
-35  25  0.554971  0.585767  0.597624  1.76677  0.660119  1.39886  0.715381  0.787898
-35  30  0.530637  0.560305  0.570346  1.83119  0.654746  1.33695  0.719589  0.800041
-35  35  0.509031  0.49824  0.506904  1.54284  0.546985  1.28991  0.736832  0.779425
-35  40  0.44246  0.474978  0.458888  1.11288  0.478546  1.02227  0.63787  0.644297
-35  45  0.548339  0.40318  0.430665  1.09448  0.520615  0.989456  0.679673  0.620631
-35  50  1.17378  1.02354  0.763308  3.42097  0.379691  0.654841  0.457819  0.519756
-35  55  0.118243  0.127393  1.21181  0.322733  0  0  0  0
-30  -55  0  0  0  0  0.343071  0.524674  0.474317  1.62481
-30  -50  2.45426  0.25259  0.663043  0.604586  0.751672  2.06745  2.80775  1.43047
-30  -45  1.37544  0.26386  0.447017  0.360546  0.541506  0.320619  1.21485  0.371661
-30  -40  1.80011  0.336036  0.552187  0.415366  0.615376  0.401188  1.67564  0.47681
-30  -35  1.81156  0.378305  0.537636  0.461411  0.680505  0.44752  1.89384  0.530861
-30  -30  2.0184  0.467926  0.5849  0.531523  0.728526  0.501919  1.80741  0.635697
-30  -25  1.89807  0.543032  0.580375  0.613696  0.743423  0.556392  1.68611  0.660441
-30  -20  1.79513  0.557179  0.57031  0.668667  0.751735  0.663111  1.73443  0.723779
-30  -15  1.78987  0.598526  0.640728  0.843339  0.716239  0.707845  1.65916  0.741198
-30  -10  1.58038  0.625402  0.64487  1.0044  0.756426  0.893403  1.54065  0.736406
-30  -5  1.39187  0.641861  0.643518  1.13913  0.75525  0.986876  1.35219  0.770265
-30  0  1.3001  0.663375  0.659711  1.30915  0.769898  1.12085  1.22332  0.778207
-30  5  1.15423  0.647924  0.666862  1.47489  0.735767  1.25207  1.14515  0.78518
-30  10  0.977774  0.635552  0.671732  1.61267  0.743223  1.31596  0.969363  0.805024
-30  15  0.893537  0.635631  0.694726  1.7584  0.750652  1.42269  0.890668  0.826598
-30  20  0.720433  0.603988  0.642471  1.69148  0.707647  1.49702  0.784563  0.836568
-30  25  0.691457  0.608485  0.621907  1.79063  0.661451  1.3677  0.698559  0.823217
-30  30  0.595889  0.572398  0.616343  1.67535  0.593049  1.29113  0.756874  0.813228
-30  35  0.552717  0.548953  0.511698  1.65  0.589487  1.25502  0.798522  0.827024
-30  40  0.560108  0.547376  0.482343  1.43227  0.514369  1.19074  0.702343  0.699461
-30  45  0.50504  0.446895  0.399763  0.976052  0.407404  1.03233  0.693072  0.630896
-30  50  0.475855  0.404145  0.350748  1.07291  1.04206  0.656843  0.85652  0.541095
-30  55  0  0  0  0  0  0  0  0
-25  -55  2.05915  0  0.620996  0.684194  0  0  0  0
-25  -50  1.77997  0.244845  0.391856  0.259467  0.442226  0.354573  1.27282  0.407219
-25  -45  1.57356  0.30003  0.477532  0.415062  0.57515  0.392223  1.59782  0.423883
-25  -40  1.92649  0.376027  0.551882  0.463517  0.66406  0.447933  1.80858  0.533958
-25  -35  1.76806  0.442053  0.565182  0.502992  0.689839  0.511483  1.87529  0.633885
-25  -30  1.89135  0.515429  0.584193  0.59259  0.726217  0.566616  1.79404  0.69113
-25  -25  1.86454  0.625651  0.597565  0.665722  0.724466  0.603529  1.69553  0.718408
-25  -20  1.79365  0.647694  0.614033  0.717486  0.77575  0.701008  1.68473  0.741515
-25  -15  1.65311  0.699662  0.656851  0.906168  0.770497  0.791209  1.60225  0.817212
-25  -10  1.47345  0.73449  0.663492  1.02397  0.763836  0.917389  1.54412  0.784375
-25  -5  1.39455  0.710792  0.648442  1.17592  0.764925  1.0771  1.40559  0.793184
-25  0  1.33237  0.712897  0.686917  1.35099  0.755166  1.16065  1.26608  0.808702
-25  5  1.16511  0.662189  0.720445  1.48561  0.747654  1.2687  1.13425  0.820384
-25  10  1.03394  0.674178  0.732351  1.60496  0.79634  1.31923  1.02819  0.80275
-25  15  0.900369  0.637176  0.741807  1.70529  0.725004  1.38728  0.88941  0.836031
-25  20  0.757845  0.622825  0.652233  1.68559  0.704544  1.43686  0.82044  0.822179
-25  25  0.695748  0.623325  0.65337  1.75416  0.652275  1.42641  0.741796  0.877548
-25  30  0.63319  0.623059  0.632174  1.77853  0.592227  1.33488  0.77123  0.861597
-25  35  0.617309  0.580447  0.569595  1.66637  0.580603  1.31995  0.806816  0.823324
-25  40  0.60006  0.545115  0.517462  1.49228  0.558578  1.20221  0.800609  0.746654
-25  45  0.525791  0.489129  0.437411  1.30716  0.507011  0.98813  0.780265  0.72049
-25  50  0.471529  0.388403  0.3814  1.07853  0.397372  1.07338  0.603331  0.844994
-25  55  4.38652  7.91157  4.51947  4.21274  0  0  0  0
-20  -55  1.60291  0.195922  0.36311  0.334782  0  0  0  0
-20  -50  1.14717  0.260395  0.416473  0.326481  0.504506  0.372226  1.40744  0.390126
-20  -45  1.70814  0.347775  0.492377  0.430836  0.602572  0.463569  1.72174  0.521998
-20  -40  1.73574  0.445809  0.563763  0.479771  0.674649  0.516093  1.74728  0.628589
-20  -35  1.79687  0.52804  0.557587  0.513566  0.700547  0.574129  1.77658  0.707497
-20  -30  1.66753  0.637873  0.588908  0.58224  0.738463  0.610461  1.59848  0.757094
-20  -25  1.72966  0.728411  0.620202  0.700058  0.773889  0.679218  1.71674  0.863653
-20  -20  1.67574  0.724709  0.624913  0.777952  0.747623  0.767641  1.65111  0.899135
-20  -15  1.59389  0.728583  0.643417  0.900938  0.795543  0.898995  1.60448  0.898039
-20  -10  1.45863  0.795925  0.667437  1.07759  0.795908  0.953376  1.45468  0.893412
-20  -5  1.28391  0.77499  0.709246  1.13773  0.795487  1.07709  1.33264  0.929168
-20  0  1.22531  0.746823  0.752028  1.29454  0.811164  1.19805  1.24525  0.856299
-20  5  1.10474  0.715695  0.784993  1.40749  0.846099  1.2524  1.1678  0.889457
-20  10  1.01241  0.699085  0.779332  1.50531  0.812152  1.3517  1.06646  0.869961
-20  15  0.85241  0.664148  0.751339  1.5653  0.814439  1.46029  0.946285  0.899126
-20  20  0.815277  0.670737  0.76012  1.64399  0.776185  1.47757  0.86376  0.909295
-20  25  0.712599  0.633183  0.725152  1.75618  0.745981  1.35183  0.783785  0.862738
-20  30  0.678704  0.621376  0.700302  1.72455  0.674178  1.33994  0.812033  0.879954
-20  35  0.656871  0.590905  0.607639  1.63904  0.625499  1.28572  0.856545  0.858401
-20  40  0.663789  0.548292  0.55427  1.52112  0.544564  1.16292  0.83202  0.799191
-20  45  0.621592  0.509663  0.472701  1.44263  0.505091  1.15282  0.832159  0.745222
-20  50  0.459625  0.418973  0.398554  1.15223  0.442802  0.858945  0.677739  0.590117
-20  55  1.17724  1.9724  0.740883  2.73075  0  0  0  0
-15  -55  1.90936  0.485699  0.440204  0.55674  0  0  0  0
-15  -50  1.29512  0.335008  0.472098  0.400209  0.548869  0.435688  1.36092  0.490005
-15  -45  1.83925  0.459704  0.531675  0.467371  0.633745  0.483866  1.69163  0.614291
-15  -40  1.53302  0.578437  0.573628  0.533012  0.666272  0.527378  1.74682  0.715677
-15  -35  1.64279  0.637797  0.567445  0.570468  0.693111  0.608958  1.70786  0.805603
-15  -30  1.68568  0.719727  0.632135  0.68677  0.731089  0.672021  1.4801  0.886316
-15  -25  1.64624  0.790373  0.633433  0.748918  0.720544  0.7341  1.56392  0.909008
-15  -20  1.49939  0.818944  0.651208  0.823686  0.785877  0.819939  1.54352  0.998475
-15  -15  1.49114  0.874804  0.693129  0.922053  0.803508  0.874957  1.56124  1.00109
-15  -10  1.43073  0.873655  0.74851  1.03936  0.781201  0.970776  1.39854  0.980959
-15  -5  1.30819  0.863027  0.765386  1.18046  0.815241  1.08088  1.34458  0.961246
-15  0  1.24354  0.812452  0.789327  1.27813  0.858571  1.15258  1.21006  0.897622
-15  5  1.12232  0.774175  0.829943  1.31076  0.868678  1.25185  1.15223  0.900485
-15  10  1.04084  0.773091  0.846655  1.5188  0.920835  1.31815  1.04057  0.923225
-15  15  0.925396  0.733712  0.846736  1.53045  0.855666  1.40186  0.933591  0.866862
-15  20  0.816246  0.674902  0.881043  1.58842  0.89702  1.36737  0.868577  0.861164
-15  25  0.773193  0.684784  0.847907  1.71787  0.830891  1.32108  0.785692  0.852561
-15  30  0.683506  0.621898  0.790648  1.63444  0.760143  1.36141  0.81571  0.869785
-15  35  0.642436  0.583485  0.723004  1.49646  0.694898  1.25224  0.836437  0.861082
-15  40  0.666459  0.55736  0.645047  1.56978  0.597912  1.18571  0.881336  0.788859
-15  45  0.674745  0.532994  0.533052  1.46528  0.522186  1.08206  0.857072  0.75401
-15  50  0.579631  0.456763  0.452875  1.21021  0.438044  0.965176  0.729412  0.650848
-15  55  0.596801  0.450709  0.429399  1.23445  0  0  0  0
-10  -55  1.52143  0.316287  0.467831  0.323047  0.502032  0.463121  2.15711  0.695803
-10  -50  1.30339  0.465991  0.517467  0.423777  0.566439  0.462503  1.41476  0.61402
-10  -45  1.61172  0.590035  0.539141  0.486561  0.671529  0.533903  1.65548  0.788576
-10  -40  1.5447  0.73898  0.595857  0.537728  0.696028  0.599591  1.55405  0.808379
-10  -35  1.5686  0.806967  0.597338  0.562835  0.73817  0.652267  1.58173  0.976203
-10  -30  1.58685  0.88065  0.637272  0.674716  0.721261  0.69822  1.5577  1.02848
-10  -25  1.55962  0.949058  0.669745  0.760947  0.758674  0.766557  1.52596  1.06858
-10  -20  1.48686  0.936468  0.669931  0.8167  0.789894  0.818885  1.42313  1.03
-10  -15  1.37824  0.995923  0.726468  0.88822  0.794139  0.926327  1.36439  1.03245
-10  -10  1.37049  0.936246  0.766415  1.03933  0.796505  0.993242  1.29532  1.00971
-10  -5  1.2444  0.881035  0.789131  1.13037  0.849878  1.08239  1.32468  1.00227
-10  0  1.18681  0.838275  0.867334  1.21446  0.887187  1.09747  1.12189  0.981011
-10  5  1.08699  0.808366  0.859175  1.22938  0.962861  1.21191  1.08845  0.919299
-10  10  0.967424  0.752706  0.942347  1.3705  0.921407  1.25195  1.04011  0.912461
-10  15  0.925235  0.765918  0.993757  1.41276  0.951956  1.32519  0.937816  0.907445
-10  20  0.795303  0.66314  0.958128  1.50718  0.966886  1.34099  0.818694  0.911247
-10  25  0.778374  0.636161  0.960874  1.5577  0.917222  1.34472  0.817166  0.879826
-10  30  0.709522  0.645255  0.967493  1.60568  0.928583  1.31885  0.819872  0.878659
-10  35  0.688291  0.564245  0.86214  1.5107  0.794848  1.23709  0.874194  0.846318
-10  40  0.663822  0.539689  0.805027  1.42775  0.687981  1.19482  0.927942  0.823452
-10  45  0.71617  0.535428  0.667573  1.44159  0.577044  1.13164  0.916634  0.756654
-10  50  0.6374  0.439829  0.493765  1.26352  0.462342  1.05747  0.789105  0.635662
-10  55  0.617796  0.555007  0.511053  1.30148  0  0  0  0
-5  -55  0.966234  0.650446  0.431537  0.343494  0.552984  0.399107  1.0435  1.00397
-5  -50  1.25534  0.740693  0.473578  0.423364  0.571433  0.483222  1.27586  0.912125
-5  -45  1.39585  0.833631  0.567982  0.513315  0.673845  0.583332  1.43265  1.05641
-5  -40  1.40144  0.899  0.607351  0.546231  0.703177  0.611213  1.45603  1.10042
-5  -35  1.41287  0.925639  0.627191  0.569199  0.736029  0.655424  1.42614  1.17079
-5  -30  1.42347  1.03837  0.651038  0.653486  0.722364  0.704737  1.39527  1.16934
-5  -25  1.50118  1.07564  0.67521  0.755806  0.745108  0.782864  1.39129  1.18009
-5  -20  1.372  1.08293  0.722577  0.803933  0.818452  0.831231  1.4108  1.20643
-5  -15  1.26866  1.06293  0.786227  0.885351  0.798427  0.872772  1.32276  1.12763
-5  -10  1.18457  1.03491  0.804397  0.977981  0.878008  0.924028  1.24507  1.04669
-5  -5  1.21092  0.959308  0.82016  1.01913  0.878037  1.00858  1.17561  1.04156
-5  0  1.07632  0.86812  0.871398  1.10545  0.932422  1.04151  1.06705  0.89391
-5  5  1.01553  0.831032  0.975967  1.21286  0.966649  1.10895  1.12214  0.917717
-5  10  0.963404  0.813193  0.990603  1.25312  1.07704  1.19379  1.01619  0.898657
-5  15  0.907452  0.738002  1.05879  1.33103  1.04224  1.214  0.945793  0.907597
-5  20  0.816398  0.678658  1.07279  1.34703  1.1295  1.27797  0.882526  0.880483
-5  25  0.752452  0.654748  1.11404  1.38628  1.09909  1.26719  0.84806  0.862334
-5  30  0.751558  0.618837  1.11648  1.36653  0.982922  1.15915  0.837258  0.808024
-5  35  0.718068  0.562553  1.07597  1.29533  0.963522  1.06558  0.904427  0.798179
-5  40  0.738215  0.527977  0.990355  1.25004  0.852942  1.01643  0.958995  0.792136
-5  45  0.709132  0.523186  0.889435  1.20476  0.787375  1.07349  0.922378  0.757498
-5  50  0.684301  0.451617  0.673548  1.12982  0.581486  1.00099  0.852538  0.673253
-5  55  0.532127  0.39923  0.595857  1.11771  0  0  0  0
0  -55  0.791027  0.921625  0.46133  0.347258  0.386369  0.453768  0.861875  1.14226
0  -50  0.979301  1.0454  0.481136  0.430721  0.588322  0.502322  1.00047  1.24473
0  -45  1.16412  1.03863  0.529399  0.50065  0.659395  0.573011  1.16355  1.27043
0  -40  1.26175  1.02249  0.597265  0.564687  0.688934  0.6407  1.23807  1.28507
0  -35  1.2106  1.13236  0.630924  0.589059  0.760216  0.661849  1.34226  1.25907
0  -30  1.33588  1.16626  0.665997  0.649717  0.713572  0.70485  1.23277  1.29651
0  -25  1.25645  1.18397  0.72878  0.723122  0.758046  0.751121  1.29385  1.31143
0  -20  1.25183  1.1846  0.71163  0.767411  0.825719  0.819072  1.28263  1.29777
0  -15  1.18212  1.12095  0.814887  0.842655  0.859128  0.871025  1.16334  1.12038
0  -10  1.15018  1.07355  0.862961  0.93205  0.919583  0.901615  1.18805  1.15783
0  -5  1.09223  1.04658  0.880867  0.878549  0.913964  0.910472  1.12482  1.08857
0  0  1  1  1  1  1  1  1  1
0  5  0.905724  0.905512  1.0132  1.11135  1.03409  1.02667  0.968509  1.00008
0  10  0.899098  0.838581  1.12281  1.12253  1.06819  1.10984  0.950853  0.966207
0  15  0.86108  0.732836  1.21334  1.21943  1.13632  1.08705  0.931079  0.885759
0  20  0.817526  0.706902  1.17275  1.21291  1.18049  1.14529  0.909065  0.853153
0  25  0.784614  0.678637  1.19383  1.21048  1.15968  1.05626  0.867932  0.859663
0  30  0.73235  0.576457  1.18088  1.16855  1.16043  0.982972  0.895684  0.80009
0  35  0.720541  0.549258  1.25778  1.13962  1.1195  0.942571  0.987372  0.825488
0  40  0.700255  0.511876  1.23531  1.02591  1.04159  0.900267  0.960009  0.779954
0  45  0.741878  0.462562  1.18168  0.925495  1.04177  0.837336  0.933908  0.722636
0  50  0.638536  0.416  1.01874  0.730571  0.811467  0.714741  0.775711  0.654802
0  55  0.579802  0.364443  0.857162  0.642894  0  0  0  0
5  -55  0.492721  1.35493  0.516024  0.382777  0.564866  0.391293  0.525215  1.34157
5  -50  0.725955  1.28909  0.474094  0.445962  0.55609  0.523684  0.721266  1.52458
5  -45  0.903585  1.28239  0.582942  0.507902  0.655778  0.599077  0.991524  1.59244
5  -40  1.00137  1.27393  0.600685  0.555825  0.699011  0.642093  1.08704  1.42468
5  -35  1.05959  1.19626  0.635723  0.590486  0.725412  0.697036  1.1046  1.49386
5  -30  1.16881  1.36808  0.668027  0.659478  0.72302  0.722739  1.19016  1.43877
5  -25  1.19548  1.2916  0.687243  0.705012  0.764605  0.728777  1.16193  1.27666
5  -20  1.15465  1.27913  0.773582  0.73833  0.847638  0.790841  1.11368  1.39549
5  -15  1.05594  1.21071  0.811658  0.797554  0.875073  0.853438  1.14876  1.28387
5  -10  1.07413  1.22103  0.904725  0.829904  0.945624  0.850999  1.0679  1.24084
5  -5  1.04195  1.10812  0.980672  0.872701  1.01276  0.885843  1.05542  1.15886
5  0  0.963249  1.0213  0.991291  0.924391  1.04998  0.919186  0.926256  1.10164
5  5  0.903406  0.921528  1.14043  1.02538  1.14841  0.965397  0.908082  1.04541
5  10  0.815357  0.89285  1.20019  1.06122  1.20852  1.03067  0.930641  0.96775
5  15  0.828185  0.808818  1.22963  1.11593  1.23538  1.01209  0.917224  0.941758
5  20  0.799204  0.716619  1.32674  1.10996  1.27269  1.01622  0.92407  0.811657
5  25  0.80472  0.675084  1.35626  1.05808  1.29152  0.996325  0.879517  0.794758
5  30  0.757406  0.575292  1.43614  1.03378  1.30394  0.91211  0.925681  0.806756
5  35  0.768624  0.537058  1.40297  0.948524  1.25508  0.816555  0.95343  0.797353
5  40  0.76342  0.472234  1.44023  0.753979  1.26371  0.649002  1.02723  0.747436
5  45  0.761147  0.464812  1.47764  0.665185  1.25074  0.617426  0.955143  0.724946
5  50  0.626098  0.376628  1.32534  0.511899  1.10255  0.522961  0.829337  0.635959
5  55  0.480326  0.317642  1.3019  0.461966  0  0  0  0
10  -55  0.494321  1.30792  0.442819  0.436679  0.474131  0.410813  0.312637  2.50276
10  -50  0.512048  1.2911  0.484173  0.435194  0.542638  0.456969  0.581635  1.49633
10  -45  0.736395  1.41487  0.575784  0.496718  0.644879  0.587332  0.774059  1.51098
10  -40  0.832811  1.43944  0.598397  0.558545  0.70871  0.610882  0.847764  1.539
10  -35  0.902455  1.39371  0.643649  0.58009  0.70727  0.708711  0.99746  1.53346
10  -30  0.974089  1.41295  0.680754  0.63705  0.71739  0.72869  1.02896  1.50276
10  -25  1.01541  1.42208  0.70095  0.667336  0.766867  0.744331  1.04499  1.41447
10  -20  1.01423  1.30881  0.786164  0.713214  0.812884  0.802242  1.06118  1.36453
10  -15  1.00906  1.30547  0.863847  0.74236  0.904284  0.787688  1.0564  1.35557
10  -10  1.03761  1.23264  0.952747  0.795208  1.0001  0.823372  1.03269  1.22421
10  -5  0.975896  1.1627  1.025  0.815652  1.08157  0.875361  1.05901  1.20168
10  0  0.915434  1.07099  1.15485  0.858941  1.09488  0.871395  0.990905  1.10734
10  5  0.879109  0.972209  1.16448  0.91641  1.24602  0.963409  0.917566  1.05775
10  10  0.827052  0.87381  1.32758  0.99343  1.26363  0.943428  0.934754  0.948221
10  15  0.820168  0.794412  1.37611  0.966331  1.26063  0.952333  0.922617  0.922417
10  20  0.793761  0.719296  1.40519  0.936156  1.30573  0.917689  0.947009  0.870527
10  25  0.787858  0.63779  1.56099  0.895715  1.31799  0.823834  0.960425  0.811785
10  30  0.776953  0.557198  1.55743  0.838354  1.34878  0.789623  1.01221  0.753885
10  35  0.759168  0.493657  1.58009  0.668603  1.46584  0.61163  0.953903  0.764136
10  40  0.74638  0.442936  1.6004  0.546704  1.40268  0.497438  0.97161  0.739498
10  45  0.73507  0.435003  1.69063  0.47095  1.43824  0.450057  0.889878  0.6815
10  50  0.59847  0.375924  1.53303  0.379085  1.2936  0.387168  0.776354  0.574708
10  55  0.557536  0.313685  1.53276  0.327615  0  0  0  0
15  -55  0.598784  1.42925  0.485435  0.605662  0.327652  0.397653  0.333053  1.15459
15  -50  0.427698  1.30149  0.428045  0.42121  0.49476  0.525299  0.513338  1.3086
15  -45  0.596658  1.55258  0.521881  0.492884  0.593313  0.575939  0.665973  1.68259
15  -40  0.711613  1.49018  0.571363  0.521257  0.664229  0.601611  0.715397  1.56973
15  -35  0.818822  1.30497  0.643862  0.569059  0.681699  0.683887  0.854178  1.67078
15  -30  0.840022  1.44732  0.670961  0.611506  0.684372  0.717338  0.926956  1.4442
15  -25  0.935757  1.50345  0.710293  0.683897  0.753905  0.747052  0.914003  1.50439
15  -20  0.921009  1.35948  0.762927  0.640213  0.804685  0.773878  0.985527  1.46126
15  -15  0.9451  1.42966  0.852042  0.696981  0.854993  0.779569  0.971139  1.37821
15  -10  0.893009  1.25637  0.990766  0.733665  0.987836  0.796268  0.999006  1.26633
15  -5  0.930568  1.17023  1.07247  0.768331  1.10117  0.833749  0.960122  1.2089
15  0  0.869563  1.05548  1.15812  0.812922  1.15068  0.833121  0.931464  1.00318
15  5  0.835428  1.00939  1.27974  0.862337  1.23161  0.86296  0.927691  1.04856
15  10  0.836547  0.862181  1.36564  0.833335  1.33602  0.863208  0.896285  0.902374
15  15  0.76936  0.748568  1.43471  0.858228  1.40968  0.797815  0.924566  0.829166
15  20  0.781326  0.68032  1.50988  0.808724  1.38354  0.777068  0.951547  0.793877
15  25  0.784845  0.612817  1.61379  0.729978  1.47667  0.719413  0.98586  0.724503
15  30  0.760582  0.521023  1.71449  0.646094  1.47222  0.606876  0.963841  0.717146
15  35  0.748842  0.451291  1.71  0.517131  1.47065  0.519235  0.979711  0.733476
15  40  0.761543  0.42955  1.70749  0.451932  1.58146  0.453167  0.949829  0.676595
15  45  0.657435  0.396244  1.63341  0.413603  1.51128  0.414756  0.894982  0.660233
15  50  0.515445  0.33029  1.38972  0.359926  0.908043  0.340655  0.692837  0.499444
15  55  0.472611  0.258692  1.474  0.291829  0  0  0  0
20  -55  0.571987  1.46868  0.674184  0.446089  0  0  0  0
20  -50  0.329692  0.990123  0.405033  0.384591  0.527901  0.473113  0.383942  1.62252
20  -45  0.501352  1.55077  0.511277  0.467619  0.584958  0.565644  0.584056  1.69946
20  -40  0.576716  1.47466  0.610216  0.499715  0.630551  0.639944  0.699243  1.68785
20  -35  0.673606  1.44008  0.63072  0.533248  0.693152  0.692617  0.769999  1.62111
20  -30  0.744184  1.51104  0.651397  0.574677  0.691286  0.719108  0.828846  1.6705
20  -25  0.836103  1.51032  0.675179  0.64896  0.715883  0.773382  0.873188  1.64124
20  -20  0.818014  1.43895  0.759349  0.6532  0.829412  0.777296  0.904363  1.54781
20  -15  0.858136  1.37765  0.84695  0.703659  0.91118  0.771137  0.874586  1.40921
20  -10  0.849711  1.31051  0.98251  0.714682  1.00916  0.797136  0.921236  1.26276
20  -5  0.810402  1.12347  1.09369  0.725928  1.1068  0.82922  0.942996  1.22827
20  0  0.809254  1.08128  1.23149  0.736699  1.16908  0.812515  0.921734  1.1122
20  5  0.811445  0.976929  1.28597  0.758006  1.30313  0.817241  0.918803  1.02896
20  10  0.796479  0.869117  1.43787  0.740222  1.43668  0.766149  0.912697  0.928728
20  15  0.788258  0.726664  1.51488  0.725558  1.47971  0.720408  0.956524  0.823964
20  20  0.762553  0.607946  1.59893  0.658894  1.49697  0.695079  0.963068  0.747453
20  25  0.782331  0.538749  1.66413  0.607882  1.55645  0.621023  0.982534  0.725328
20  30  0.78428  0.469565  1.66538  0.522268  1.47972  0.52572  1.0213  0.692824
20  35  0.70312  0.421738  1.76908  0.45358  1.55655  0.472621  1.00484  0.738378
20  40  0.677616  0.382402  1.69479  0.408582  1.44266  0.427689  0.927704  0.693233
20  45  0.631229  0.344576  1.67795  0.382367  1.44807  0.393639  0.900548  0.618698
20  50  0.414171  0.275069  1.17109  0.331157  1.10133  0.34243  0.690261  0.439902
20  55  1.08149  0.310796  1.80154  0.409871  0  0  0  0
25  -55  0  0  0  0  0  0  0  0
25  -50  0.316417  1.22083  0.30288  0.297539  1.12944  1.07438  0.722221  3.41293
25  -45  0.408794  1.46618  0.450889  0.439541  0.518731  0.550876  0.545535  1.42146
25  -40  0.531041  1.55879  0.572435  0.50268  0.58755  0.654846  0.589645  1.56944
25  -35  0.592599  1.53025  0.619248  0.546292  0.644493  0.672693  0.692472  1.34868
25  -30  0.639624  1.43991  0.646298  0.586177  0.642916  0.678527  0.760107  1.57409
25  -25  0.71015  1.41147  0.651396  0.629847  0.675575  0.75382  0.791448  1.5176
25  -20  0.741949  1.42734  0.732376  0.626063  0.747877  0.770892  0.827087  1.49439
25  -15  0.7616  1.41833  0.862622  0.677089  0.824166  0.76069  0.851647  1.31656
25  -10  0.801396  1.28365  0.95836  0.643357  0.97038  0.774556  0.862317  1.28279
25  -5  0.836679  1.14982  1.09437  0.662927  1.13188  0.762551  0.854814  1.13505
25  0  0.803008  1.00988  1.23197  0.670187  1.15398  0.725602  0.866735  1.01319
25  5  0.801401  0.923716  1.35376  0.673664  1.34169  0.729546  0.925197  0.966058
25  10  0.792095  0.764125  1.44766  0.642445  1.45846  0.7124  0.895973  0.864334
25  15  0.790339  0.641757  1.61926  0.607477  1.58153  0.655687  0.953245  0.775486
25  20  0.784982  0.547531  1.71721  0.555738  1.61048  0.62549  1.02383  0.665842
25  25  0.757418  0.480531  1.69024  0.483867  1.67036  0.546781  1.01945  0.636455
25  30  0.752755  0.426658  1.72903  0.46998  1.54258  0.487521  1.00266  0.661455
25  35  0.726081  0.385652  1.7582  0.413145  1.5102  0.447517  0.99309  0.679386
25  40  0.674217  0.34398  1.71712  0.395176  1.50117  0.416562  0.889652  0.586111
25  45  0.582045  0.317024  1.55506  0.32612  1.21224  0.385679  0.821879  0.575303
25  50  0.617462  0.341047  1.55062  0.346974  1.96124  0.624802  1.05538  0.710283
25  55  0  0  0  0  0  0  0  0
30  -55  0  0  0  0  0  0  0  0
30  -50  0.407793  1.77911  0.539059  0.475923  0.689996  0.528679  0.750658  2.19182
30  -45  0.352476  1.10905  0.405416  0.395346  0.394508  0.404725  0.411668  0.989881
30  -40  0.4686  1.42709  0.495191  0.46224  0.519632  0.623199  0.569382  1.33444
30  -35  0.536939  1.45756  0.616993  0.528529  0.619357  0.66976  0.672731  1.55244
30  -30  0.603447  1.45177  0.620861  0.59334  0.612955  0.73672  0.70733  1.5443
30  -25  0.670598  1.48029  0.646644  0.613493  0.606282  0.737713  0.746035  1.47402
30  -20  0.689035  1.35756  0.727096  0.643916  0.719004  0.749988  0.810843  1.39691
30  -15  0.734479  1.40053  0.794561  0.609994  0.762699  0.755736  0.810366  1.26527
30  -10  0.728135  1.27562  0.942751  0.609443  0.919997  0.770974  0.838588  1.18387
30  -5  0.737429  1.17095  1.09159  0.607806  1.04573  0.722038  0.86543  1.09198
30  0  0.780425  0.983197  1.2376  0.621707  1.15869  0.714509  0.901562  1.00306
30  5  0.82428  0.896174  1.44911  0.618202  1.31927  0.667133  0.915148  0.854147
30  10  0.800702  0.672133  1.52043  0.576474  1.47904  0.639952  0.972691  0.785104
30  15  0.809863  0.584767  1.6859  0.54859  1.44272  0.584109  0.922948  0.693686
30  20  0.759102  0.480342  1.75979  0.502541  1.60355  0.555944  0.996703  0.615006
30  25  0.727579  0.435804  1.78992  0.462577  1.55996  0.522896  0.978443  0.607689
30  30  0.758038  0.378241  1.70694  0.41533  1.54914  0.473339  0.945799  0.596302
30  35  0.704163  0.346616  1.69831  0.405462  1.49162  0.435808  0.949789  0.618082
30  40  0.572864  0.323312  1.58426  0.362093  1.23584  0.406602  0.844831  0.563902
30  45  0.512314  0.27566  1.07746  0.314746  0.898838  0.374524  0.669769  0.472678
30  50  4.95178  2.4644  0  2.7755  1.22966  1.71554  1.51644  1.27119
30  55  0  0  0  0  0  0  0  0
35  -55  4.43266  4.44998  6.14528  5.57252  0  0  0  0
35  -50  0  0  0  0  0  0  0  0
35  -45  0.4101  1.38561  0.398185  0.347769  0.318841  0.315405  0.3578  1.41752
35  -40  0.371302  1.12584  0.452667  0.402534  0.471182  0.559723  0.5306  1.12246
35  -35  0.463662  1.37851  0.541874  0.491268  0.536647  0.64363  0.655397  1.50804
35  -30  0.5443  1.45926  0.585394  0.541015  0.562737  0.690999  0.698543  1.45266
35  -25  0.609934  1.36488  0.598352  0.592495  0.578059  0.741114  0.755618  1.40043
35  -20  0.661451  1.34794  0.634177  0.593577  0.639548  0.748954  0.771957  1.28456
35  -15  0.683824  1.27856  0.752276  0.587254  0.698177  0.694806  0.820355  1.22714
35  -10  0.746246  1.2438  0.847515  0.582154  0.858716  0.717645  0.852804  1.12811
35  -5  0.767888  1.08146  1.08201  0.551858  1.02887  0.702539  0.902909  1.04338
35  0  0.749991  0.923924  1.24325  0.555657  1.17866  0.699516  0.964841  0.891608
35  5  0.794514  0.755401  1.43232  0.548276  1.34332  0.667059  1.00143  0.786276
35  10  0.777799  0.569803  1.59979  0.505721  1.48362  0.649713  0.967402  0.659866
35  15  0.707829  0.459198  1.63798  0.468456  1.49711  0.596018  1.02794  0.626923
35  20  0.768966  0.393874  1.70771  0.454993  1.55124  0.55378  0.981699  0.574641
35  25  0.740609  0.347706  1.70551  0.431818  1.5973  0.533511  0.982498  0.593207
35  30  0.675382  0.327239  1.66727  0.398819  1.61689  0.506013  0.960767  0.586812
35  35  0.610385  0.304559  1.69462  0.351796  1.44343  0.449983  0.897026  0.577702
35  40  0.528327  0.265614  1.42787  0.296711  0.93846  0.357361  0.691588  0.488867
35  45  0.823662  0.265037  1.71793  0.262489  1.14567  0.396509  0.842428  0.681831
35  50  0  0  0  0  0  0  0  0
35  55  0  0  0  0  0  0  0  0
40  -55  0  0  0  0  0  0  0  0
40  -50  0  0  0  0  0  0  0  0
40  -45  0  0  0  0  0.794074  0.680874  0.775405  1.29558
40  -40  0.58195  1.22157  0.596095  0.527075  0.549865  0.461185  0.708898  0.937977
40  -35  0.38858  1.14185  0.463435  0.417457  0.442315  0.564699  0.580966  0.999084
40  -30  0.53587  1.25659  0.514717  0.503421  0.482485  0.642233  0.719449  1.20313
40  -25  0.577486  1.24389  0.549537  0.554774  0.537456  0.681713  0.761018  1.26057
40  -20  0.646851  1.25271  0.565259  0.558427  0.551549  0.718145  0.851514  1.0471
40  -15  0.681666  1.21858  0.635154  0.530183  0.586242  0.654861  0.822698  1.10593
40  -10  0.731913  1.10522  0.7548  0.544359  0.733679  0.659606  0.921042  0.99913
40  -5  0.752978  1.01465  0.953213  0.516496  0.963618  0.648524  0.945036  0.886475
40  0  0.762972  0.824916  1.17613  0.530214  1.11192  0.612497  0.96009  0.720504
40  5  0.758485  0.660917  1.35809  0.482473  1.29803  0.594834  1.04765  0.643843
40  10  0.736334  0.46644  1.52312  0.451281  1.33687  0.584378  1.02106  0.55555
40  15  0.672065  0.395022  1.58757  0.451291  1.39053  0.527153  0.994034  0.538388
40  20  0.712433  0.343117  1.6881  0.407575  1.5408  0.516704  0.97989  0.516897
40  25  0.65847  0.29509  1.60549  0.396673  1.60113  0.458204  0.823643  0.538093
40  30  0.582491  0.291856  1.60996  0.34683  1.2913  0.442638  0.826115  0.496711
40  35  0.531408  0.271201  1.17268  0.341514  1.02615  0.345945  0.781697  0.480376
40  40  0.943214  0.407659  2.46242  0.415204  0.857778  0.316148  1.17383  0.468644
40  45  0  0  0  0  1.05427  0.314404  0.773343  0.429828
40  50  0  0  0  0  0  0  0  0
40  55  0  0  0  0  0  0  0  0
45  -55  0.925754  0.689682  0.642559  0.856318  0  0  0  0
45  -50  0  0  0  0  0  0  0  0
45  -45  0  0  0  0  0  0  0  0
45  -40  0  0  0  0  0  0  0  0
45  -35  0.348657  1.04331  0.394251  0.462584  0.593831  0.606684  0.807989  1.60923
45  -30  0.448057  0.854727  0.443663  0.459929  0.386547  0.533708  0.61307  0.772402
45  -25  0.565495  1.08876  0.467598  0.484065  0.48589  0.595318  0.710696  1.0544
45  -20  0.641259  1.15449  0.494272  0.529174  0.50579  0.650284  0.816769  1.05054
45  -15  0.686772  1.19114  0.509093  0.53254  0.558592  0.663051  0.883227  1.01669
45  -10  0.732967  1.12329  0.635334  0.511567  0.678019  0.637952  0.943446  0.926781
45  -5  0.762738  1.00039  0.876577  0.500986  0.918185  0.620583  0.932442  0.811211
45  0  0.728476  0.774443  1.16909  0.478077  1.12344  0.607996  1.02727  0.680183
45  5  0.735142  0.560502  1.40095  0.476857  1.35242  0.573487  0.992941  0.573524
45  10  0.706211  0.369074  1.48812  0.440612  1.46685  0.559503  0.963284  0.551471
45  15  0.671866  0.325827  1.55603  0.413416  1.53147  0.53357  0.913709  0.525894
45  20  0.625136  0.299133  1.57824  0.3854  1.53039  0.503484  0.874652  0.521813
45  25  0.575913  0.259243  1.54728  0.348507  1.33507  0.455792  0.83262  0.483039
45  30  0.482104  0.230974  1.19749  0.327058  1.01147  0.375669  0.708266  0.458284
45  35  0.453104  0.260937  1.26356  0.406883  0.911791  0.331626  0.642469  0.360886
45  40  4.76143  3.85255  7.28377  6.17926  0  0  0  0
45  45  0  0  0  0  0  0  0  0
45  50  0  0  0  0  0  0  0  0
45  55  0  0  0  0  0  0  0  0
50  -55  0  0  0  0  0  0  0  0
50  -50  0  0  0  0  0  0  0  0
50  -45  0  0  0  0  0  0  0  0
50  -40  0  0  0  0  0  0  0  0
50  -35  0  0  0  0  0  0  0  0
50  -30  1.64098  2.24769  0.958807  1.09442  0  0  0  0
50  -25  0.477129  0.8411  0.439738  0.376395  0.432952  0.643048  1.23941  0.988812
50  -20  0.498016  0.886525  0.368378  0.450724  0.392484  0.505781  0.657495  0.708261
50  -15  0.588419  0.989376  0.390831  0.42554  0.444797  0.523287  0.693348  0.784044
50  -10  0.612874  1.03152  0.4764  0.441165  0.514783  0.541668  0.87234  0.85406
50  -5  0.619649  0.99805  0.663778  0.413587  0.688914  0.524391  0.898473  0.692196
50  0  0.611856  0.735058  0.955624  0.409209  1.00306  0.508473  0.879055  0.597817
50  5  0.635659  0.423296  1.19819  0.410331  1.22218  0.482555  0.857776  0.492772
50  10  0.562631  0.296889  1.17829  0.357181  1.27593  0.443024  0.800575  0.473561
50  15  0.528852  0.277777  1.25233  0.350612  1.0164  0.432759  0.756858  0.432649
50  20  0.532914  0.264595  1.26987  0.354183  0.885646  0.405114  0.683487  0.403994
50  25  0.694182  0.201759  1.21683  0.269866  1.19317  0.328058  0.626272  0.322828
50  30  0.57391  0.32068  1.74655  0.451826  2.44004  0.524674  1.43945  0.972447
50  35  0  0  0  0  0  0  0  0
50  40  0  0  0  0  0  0  0  0
50  45  0  0  0  0  0.265976  0.228293  0.408325  0.448118
50  50  0  0  0  0  0  0  0  0
50  55  0  0  0  0  0  0  0  0
55  -55  0  0  0  0  0  0  0  0
55  -50  0  0  0  0  0  0  0  0
55  -45  0  0  0  0  0  0  0  0
55  -40  0  0  0  0  0  0  0  0
55  -35  0  0  0  0  0  0  0  0
55  -30  0  0  0  0  0  0  0  0
55  -25  0  0  0  0  0  0  0  0
55  -20  1.00651  1.70883  0.539059  0.87353  0  0  0  0
55  -15  1.03477  1.58144  0.555447  0.741855  0.641812  0.698897  1.1198  1.18736
55  -10  0.605634  1.20759  0.557788  0.537129  0.369136  0.480617  0.560556  0.516403
55  -5  0.478211  0.713439  0.647505  0.344701  0.465664  0.485593  0.765184  0.459032
55  0  0.519836  0.563102  0.822521  0.34219  0.561256  0.393279  0.589701  0.346525
55  5  0.586064  0.272564  1.01164  0.362962  0.83931  0.265478  0.533752  0.336371
55  10  0.560277  0.230351  1.23001  0.314342  0.643739  0.397237  0.617643  0.35479
55  15  0.470087  0.272358  1.82664  0.301217  0.781225  0.242712  0.413824  0.251495
55  20  0  0  0  0  0  0  0  0
55  25  0  0.0834646  0.38381  0.0473342  0  0  0  0
55  30  0  0  0  0  0  0  0  0
55  35  0  0  0  0  0  0  0  0
55  40  0  0  0  0  0  0  0  0
55  45  0  0  0  0  0  0  0  0
55  50  0  0  0  0  0  0  0  0
55  55  0  0  0  0  0  0  0  0
