-55  -55  1.47418  0.13254  0.12162  0.567294  0.171032  0.168983  0.740797  0.204029
-55  -50  2.44921  1.09052  1.09111  1.31014  0.140453  0.656683  0.294855  0.1
-55  -45  0.1  0.213909  0.23716  0.179009  3.10004  5.57931  3.32519  2.3704
-55  -40  0.368544  0.203843  0.1  0.679716  0.197345  0.186096  0.632755  0.617243
-55  -35  0.1  0.1  0.1  0.1  0.1  0.1  0.1  0.1
-55  -30  5.27749  0.77259  1.04246  1.49174  0.1  0.1  0.1  6.31264
-55  -25  2.04658  0.554654  0.745359  0.737829  3.2073  3.77824  5.45231  2.05479
-55  -20  2.80226  0.78769  0.750571  0.464386  0.893387  0.515507  1.53938  0.876308
-55  -15  2.3177  0.519286  0.714085  0.57748  1.01608  0.407461  1.9764  0.915071
-55  -10  1.64906  0.403469  0.490321  0.467943  0.840207  0.439089  1.58022  0.777005
-55  -5  1.33548  0.332836  0.423021  0.628115  0.440651  0.320394  1.05893  0.562007
-55  0  0.944574  0.40136  0.45566  1.22002  0.488249  0.714665  0.648537  0.667508
-55  5  0.663071  0.346773  0.41545  1.84341  0.564763  1.25378  0.592739  0.58431
-55  10  0.581613  0.378356  0.435358  2.11569  0.620824  1.72687  0.569387  0.628927
-55  15  0.586285  0.519003  0.519689  2.63581  0.75864  2.43291  0.669065  0.946244
-55  20  1.54158  0.958314  0.901728  4.24641  0.668484  1.25846  0.878109  0.7177
-55  25  1.78462  1.63326  1.34434  3.53392  0.316463  0.539036  0.66719  0.544721
-55  30  0.688392  1.10394  0.533392  2.52429  1.04006  2.82566  1.54315  1.53586
-55  35  5.36547  3.81891  3.82062  3.83961  0.211568  0.322994  0.131286  0.946816
-55  40  5.38761  6.90298  5.29917  0.1  0.472917  0.836361  0.738214  0.463335
-55  45  0.189252  0.156028  0.205886  1.21415  0.1  0.1  0.1  0.1
-55  50  0.1  0.10318  0.226735  0.433254  5.7319  3.01603  0.1  4.49234
-55  55  0.803493  0.848088  0.634163  2.2  0.297796  1.20855  0.657505  1.18694
-50  -55  0.90476  0.713031  0.110327  0.241273  3.22864  3.11586  2.86174  2.64947
-50  -50  1.82059  0.1  0.207623  0.180739  2.14057  2.72474  2.61476  1.4092
-50  -45  5.01906  1.52169  1.80519  2.9659  0.855755  1.18716  1.52306  0.611603
-50  -40  2.43372  0.618072  0.804779  2.72924  2.91573  4.26223  5.78088  2.67349
-50  -35  3.03269  2.44561  1.98537  1.86014  1.19423  0.651182  2.73886  0.801311
-50  -30  4.16198  1.93267  1.75414  1.59771  1.5729  1.21988  3.07009  1.07925
-50  -25  2.01868  0.341651  0.520321  0.406581  0.770026  0.410669  1.63697  0.570946
-50  -20  1.96013  0.346667  0.485977  0.403241  0.733251  0.303689  1.48873  0.576396
-50  -15  1.87702  0.363569  0.487442  0.458654  0.717245  0.338288  1.46543  0.622352
-50  -10  1.7866  0.387613  0.486697  0.557488  0.751899  0.402961  1.44953  0.675535
-50  -5  1.49185  0.397341  0.478665  0.826155  0.729707  0.61549  1.3261  0.716538
-50  0  1.14264  0.405864  0.4733  1.29815  0.678739  1.01846  0.991239  0.737329
-50  5  0.780733  0.383758  0.467106  1.75459  0.68161  1.48772  0.66158  0.749096
-50  10  0.581374  0.418924  0.464172  2.10445  0.656862  1.66971  0.569625  0.668305
-50  15  0.462919  0.409759  0.442403  2.25163  0.65031  1.60632  0.54398  0.643263
-50  20  0.38662  0.412816  0.42103  2.21994  0.613064  1.37476  0.51863  0.636709
-50  25  0.351791  0.333009  0.476756  2.24457  0.631746  1.42229  0.653058  0.792277
-50  30  1.63896  1.38391  1.41608  3.86641  2.51304  3.87486  2.87107  2.28686
-50  35  1.99877  1.58308  2.26398  4.30354  2.65616  6.43849  2.95501  3.64625
-50  40  4.78111  3.428  2.6409  5.56485  1.39297  0.842778  2.30288  1.29573
-50  45  2.66946  2.1609  1.32479  3.12358  3.84841  5.42245  4.25581  2.38598
-50  50  1.86663  0.805809  0.956457  2.31622  1.27474  1.26106  1.53219  0.958097
-50  55  5.45844  1.0167  1.12933  2.32452  0.612862  0.52009  0.544206  0.262576
-45  -55  5.91829  4.99541  5.64753  0.1  2.74327  3.78309  3.72335  1.95455
-45  -50  3.44934  2.77858  3.3463  2.95322  1.20825  1.99401  1.9261  1.0896
-45  -45  4.23328  3.23381  3.62059  3.41868  4.3487  6.11549  5.25143  2.39766
-45  -40  5.29679  2.79781  3.01922  2.77918  2.01079  2.49625  2.8024  1.88931
-45  -35  2.1727  0.385886  0.748042  0.482086  1.00742  0.675633  2.76844  0.765649
-45  -30  2.09411  0.310526  0.499131  0.401186  0.698679  0.334582  1.7948  0.487114
-45  -25  2.07816  0.347545  0.518893  0.417103  0.763514  0.363605  1.80071  0.537852
-45  -20  2.05462  0.381743  0.523682  0.485258  0.829422  0.406448  1.8085  0.600816
-45  -15  1.93122  0.408277  0.522692  0.564296  0.837037  0.468644  1.69148  0.652727
-45  -10  1.81896  0.428828  0.529779  0.742736  0.81908  0.617353  1.59991  0.715582
-45  -5  1.54013  0.45725  0.53025  1.02414  0.79697  0.845626  1.4045  0.743259
-45  0  1.2491  0.4557  0.53003  1.36784  0.78528  1.12293  1.1633  0.789365
-45  5  0.959509  0.451576  0.523734  1.70708  0.805104  1.44459  0.894907  0.842649
-45  10  0.72985  0.468657  0.527824  2.026  0.787176  1.65604  0.714947  0.83705
-45  15  0.57648  0.453958  0.51345  2.19356  0.749232  1.71559  0.643028  0.779478
-45  20  0.486341  0.456215  0.486995  2.21891  0.728758  1.65756  0.625389  0.784012
-45  25  0.429934  0.447655  0.464506  2.2048  0.642716  1.46788  0.633546  0.758565
-45  30  0.42205  0.47933  0.448312  2.07752  0.600086  1.34835  0.667901  0.745704
-45  35  0.878709  0.927457  0.960627  2.93214  0.907972  2.13518  1.15399  1.08246
-45  40  3.12211  3.17537  3.56068  5.6052  1.89878  2.77047  3.16722  2.14762
-45  45  4.62953  3.29924  3.25328  3.62688  2.01861  2.63015  2.64982  1.50491
-45  50  2.64995  3.14321  3.60365  4.50895  3.42776  3.93839  3.78448  2.21466
-45  55  0.539536  0.615723  0.672387  1.4485  1.97853  1.88968  2.72042  1.47784
-40  -55  3.76181  2.69732  3.48584  4.36037  2.85008  3.42492  3.97698  2.51552
-40  -50  5.02539  1.76916  4.14192  2.51317  0.809699  0.515201  1.80049  0.98676
-40  -45  5.15117  3.13703  3.75759  3.94221  1.60381  1.69431  3.51713  1.59951
-40  -40  2.83886  0.388597  0.740566  0.392048  0.835165  0.463498  2.22438  0.558765
-40  -35  2.17108  0.296243  0.492819  0.392687  0.678384  0.351808  1.8977  0.451784
-40  -30  2.19206  0.335809  0.512233  0.43335  0.73969  0.378126  1.94314  0.516492
-40  -25  2.12094  0.381665  0.524764  0.478519  0.782738  0.430888  1.87663  0.579413
-40  -20  2.03227  0.417452  0.533254  0.57449  0.837657  0.49063  1.81195  0.638023
-40  -15  1.89015  0.436012  0.5338  0.690056  0.815171  0.567542  1.67197  0.658843
-40  -10  1.74148  0.474355  0.540438  0.880076  0.816934  0.727783  1.57666  0.704944
-40  -5  1.54261  0.501609  0.550199  1.10535  0.819674  0.917155  1.43488  0.755225
-40  0  1.30941  0.498657  0.560678  1.38116  0.823128  1.11843  1.21985  0.790596
-40  5  1.06431  0.490925  0.56715  1.64278  0.82098  1.33276  0.995586  0.8379
-40  10  0.859119  0.504786  0.569238  1.88309  0.805958  1.51154  0.806975  0.849206
-40  15  0.690642  0.492299  0.562897  2.00479  0.758805  1.60139  0.70412  0.851941
-40  20  0.588116  0.492977  0.545196  2.13452  0.724933  1.6322  0.661896  0.835293
-40  25  0.501258  0.478887  0.524033  2.14137  0.678503  1.54371  0.670792  0.821734
-40  30  0.442172  0.472362  0.502234  2.08789  0.627552  1.42563  0.714609  0.790835
-40  35  0.41926  0.461262  0.451152  2.00602  0.567619  1.35344  0.686131  0.757686
-40  40  0.728116  0.752936  0.76994  2.66996  0.710917  1.45492  0.919368  0.851701
-40  45  4.46251  3.88006  4.28409  4.78042  0.895461  2.02994  1.32835  1.30948
-40  50  3.71767  4.13667  4.05256  5.72249  5.18182  5.44384  4.19039  3.24899
-40  55  1.85567  0.905466  1.00962  2.7033  4.01009  3.1865  4.14006  2.4924
-35  -55  7.28018  6.12398  5.81171  3.73065  2.7735  3.17775  3.64501  1.46043
-35  -50  4.46865  3.6345  5.4929  4.39307  2.94199  3.74281  3.91921  2.04394
-35  -45  2.75346  0.395422  0.735091  0.603167  1.01852  0.55942  2.74867  0.647977
-35  -40  2.27087  0.255236  0.500355  0.396884  0.64037  0.361659  1.92431  0.422167
-35  -35  2.27442  0.319783  0.514474  0.453087  0.735625  0.412829  2.04965  0.495601
-35  -30  2.24621  0.374281  0.533611  0.507881  0.76313  0.456202  1.93874  0.561638
-35  -25  2.15277  0.424828  0.547226  0.58213  0.803762  0.507371  1.84449  0.617998
-35  -20  2.07531  0.501316  0.569815  0.691348  0.837877  0.589256  1.82542  0.692095
-35  -15  1.90929  0.499579  0.575271  0.815795  0.827826  0.690773  1.68982  0.707925
-35  -10  1.78306  0.555104  0.582528  0.995965  0.829064  0.849351  1.59316  0.746733
-35  -5  1.60053  0.572464  0.602869  1.22956  0.827298  1.0013  1.45006  0.760779
-35  0  1.38763  0.568958  0.604972  1.43868  0.826711  1.18471  1.2676  0.788635
-35  5  1.1684  0.567775  0.607256  1.63168  0.838425  1.37276  1.12963  0.815619
-35  10  0.978587  0.563542  0.613811  1.82193  0.819947  1.48442  0.927815  0.844481
-35  15  0.822072  0.552589  0.607482  1.95956  0.782547  1.57676  0.777021  0.861836
-35  20  0.684166  0.534436  0.59569  2.02764  0.752112  1.6177  0.714383  0.895186
-35  25  0.592941  0.521573  0.570092  2.05936  0.698743  1.54336  0.685917  0.870149
-35  30  0.537166  0.522651  0.524253  2.10482  0.639577  1.46936  0.731793  0.835703
-35  35  0.497836  0.505681  0.489398  2.02611  0.610223  1.46068  0.784527  0.820115
-35  40  0.502418  0.493945  0.442282  1.82828  0.522992  1.33228  0.753888  0.754785
-35  45  0.834931  0.720961  0.682578  2.31503  0.707684  1.56131  1.01685  0.976849
-35  50  2.96523  3.65408  4.21849  4.59716  1.62127  2.28487  1.43964  1.2728
-35  55  2.47091  3.7034  3.10809  2.49316  3.92142  5.42482  4.52613  2.4953
-30  -55  6.09687  1.29604  1.71485  1.68483  2.31497  2.6034  3.18256  2.21822
-30  -50  4.47848  1.39796  2.48926  1.66816  0.766861  0.53452  2.18571  0.852806
-30  -45  2.29797  0.250346  0.502937  0.427317  0.637942  0.392157  1.88062  0.394882
-30  -40  2.29552  0.287189  0.510045  0.451906  0.684025  0.41047  1.96176  0.458292
-30  -35  2.25733  0.356021  0.522558  0.494598  0.742586  0.47755  1.97882  0.550717
-30  -30  2.2119  0.424961  0.548396  0.561304  0.765663  0.520301  1.86928  0.607296
-30  -25  2.13429  0.494168  0.563197  0.649956  0.810185  0.584802  1.80838  0.683337
-30  -20  2.0416  0.557445  0.581638  0.774824  0.827147  0.687906  1.7736  0.737272
-30  -15  1.86814  0.593943  0.581439  0.89478  0.802018  0.794875  1.67778  0.73814
-30  -10  1.76745  0.625699  0.607965  1.08608  0.8198  0.966222  1.59189  0.776256
-30  -5  1.57118  0.634487  0.613539  1.25259  0.814231  1.09752  1.43755  0.782642
-30  0  1.38517  0.627582  0.630936  1.4512  0.800148  1.24895  1.29037  0.79179
-30  5  1.21022  0.612627  0.656711  1.60758  0.828547  1.41671  1.16749  0.812572
-30  10  1.06546  0.606565  0.655447  1.78923  0.793602  1.49876  0.997333  0.829307
-30  15  0.908114  0.584647  0.635014  1.88724  0.74547  1.56243  0.846928  0.854078
-30  20  0.778661  0.574609  0.619671  1.97396  0.741181  1.6042  0.763713  0.882729
-30  25  0.678826  0.573384  0.591506  2.02111  0.686812  1.53594  0.718631  0.891117
-30  30  0.606529  0.551638  0.555227  2.02922  0.638398  1.45419  0.752048  0.876581
-30  35  0.557874  0.527178  0.511711  1.95688  0.621175  1.42701  0.801312  0.83436
-30  40  0.560417  0.480573  0.444015  1.80458  0.556286  1.33583  0.798968  0.782767
-30  45  0.544813  0.46167  0.387888  1.70117  0.493182  1.18887  0.772577  0.764549
-30  50  2.65791  3.30449  2.65261  4.6768  1.647  2.81069  2.4648  1.63763
-30  55  7.16337  7.4151  0.1  0.1  1.01271  1.83233  1.7193  1.1518
-25  -55  3.11437  1.09052  2.90933  0.946932  2.51511  2.16042  4.11542  2.038
-25  -50  1.75965  0.11485  0.30703  0.568897  0.715305  0.496825  1.88627  0.456298
-25  -45  2.27697  0.253411  0.50936  0.451182  0.659687  0.419064  1.89985  0.426329
-25  -40  2.2175  0.331841  0.52  0.488876  0.696868  0.467953  1.9221  0.504208
-25  -35  2.22859  0.423986  0.530037  0.544335  0.752873  0.530657  1.88708  0.617128
-25  -30  2.14403  0.505578  0.555502  0.627369  0.781047  0.589411  1.78912  0.683699
-25  -25  2.08497  0.595372  0.578335  0.704636  0.799293  0.66993  1.75443  0.739044
-25  -20  1.98939  0.643631  0.606724  0.841153  0.803868  0.778059  1.71467  0.793634
-25  -15  1.81897  0.668554  0.610319  0.943374  0.800367  0.882678  1.61602  0.797133
-25  -10  1.71678  0.71585  0.649749  1.10755  0.823961  1.02092  1.51614  0.818401
-25  -5  1.54418  0.721192  0.669581  1.28048  0.812676  1.14906  1.4213  0.835273
-25  0  1.36434  0.674843  0.694794  1.40992  0.81309  1.26482  1.28324  0.835245
-25  5  1.22284  0.66704  0.701548  1.57497  0.824623  1.4025  1.17031  0.848475
-25  10  1.09062  0.674501  0.729309  1.72547  0.80725  1.51519  1.03205  0.855304
-25  15  0.937061  0.625754  0.699232  1.81851  0.786949  1.56188  0.90797  0.852667
-25  20  0.825321  0.610136  0.683194  1.92916  0.761033  1.62177  0.819291  0.861385
-25  25  0.741946  0.592201  0.64802  1.98763  0.706924  1.57566  0.746119  0.898925
-25  30  0.661374  0.583086  0.608939  1.98432  0.644465  1.48095  0.774644  0.885797
-25  35  0.617498  0.550738  0.550603  1.92301  0.601366  1.40065  0.816094  0.861573
-25  40  0.602243  0.485915  0.478084  1.80114  0.567505  1.30474  0.827741  0.804978
-25  45  0.588939  0.467027  0.43413  1.73551  0.526435  1.22004  0.830291  0.784954
-25  50  0.81475  0.62552  0.639611  2.03872  0.199819  0.931884  0.830592  0.367574
-25  55  1.77424  1.80439  2.18395  3.54516  4.90554  2.14032  3.2094  2.0145
-20  -55  3.62485  2.03138  2.09534  2.02176  2.11561  1.64868  4.30256  1.96383
-20  -50  2.16533  0.249565  0.494881  0.446053  0.631491  0.459639  1.78991  0.426371
-20  -45  2.26664  0.317265  0.527382  0.488671  0.681069  0.490846  1.89995  0.496321
-20  -40  2.18691  0.401756  0.554678  0.528847  0.71143  0.5273  1.85102  0.592009
-20  -35  2.1312  0.521072  0.572807  0.59379  0.765877  0.604067  1.83772  0.708964
-20  -30  2.09118  0.639003  0.585985  0.662556  0.779833  0.654568  1.75462  0.786903
-20  -25  2.01183  0.712938  0.619041  0.757808  0.772672  0.731586  1.71671  0.846145
-20  -20  1.91405  0.774976  0.643621  0.8856  0.818185  0.840973  1.70261  0.892864
-20  -15  1.75959  0.787216  0.662643  0.971469  0.806675  0.929004  1.55454  0.878663
-20  -10  1.64752  0.812519  0.707876  1.11817  0.822869  1.04649  1.47961  0.901747
-20  -5  1.50491  0.816622  0.7228  1.25917  0.838936  1.17593  1.3667  0.897359
-20  0  1.35366  0.771905  0.751414  1.38178  0.849788  1.27531  1.27615  0.898723
-20  5  1.20569  0.737975  0.777726  1.52347  0.876185  1.39341  1.18108  0.882414
-20  10  1.10361  0.725288  0.806012  1.66637  0.866577  1.48555  1.03994  0.873769
-20  15  0.965424  0.669851  0.79159  1.75192  0.846091  1.55427  0.941775  0.880412
-20  20  0.864438  0.64925  0.790295  1.85335  0.842821  1.60035  0.863807  0.893649
-20  25  0.779383  0.623591  0.761354  1.9235  0.771537  1.59166  0.78551  0.907827
-20  30  0.699535  0.595345  0.700621  1.94709  0.692159  1.48879  0.789442  0.90202
-20  35  0.67591  0.57477  0.632915  1.88641  0.634162  1.41244  0.860479  0.875181
-20  40  0.652524  0.518217  0.5275  1.77359  0.572819  1.3405  0.868532  0.834436
-20  45  0.660067  0.504296  0.47098  1.76663  0.536614  1.27227  0.875209  0.820779
-20  50  0.581894  0.391327  0.409849  1.62028  0.453137  1.1007  0.789013  0.744269
-20  55  2.53167  1.97468  2.60094  4.27316  0.794799  1.3647  0.899016  0.786807
-15  -55  3.31109  0.819341  1.06992  1.11277  1.5615  1.18174  3.37254  1.1816
-15  -50  2.04952  0.30295  0.503641  0.463377  0.619821  0.477599  1.72752  0.483481
-15  -45  2.08856  0.401112  0.528898  0.50633  0.672094  0.522064  1.82322  0.581694
-15  -40  1.98951  0.52492  0.540049  0.543516  0.697849  0.568825  1.71956  0.68822
-15  -35  1.97051  0.63694  0.575252  0.60877  0.752144  0.634079  1.71752  0.810306
-15  -30  1.94399  0.77752  0.602975  0.686758  0.757861  0.685494  1.66491  0.87835
-15  -25  1.85413  0.827402  0.622571  0.766166  0.762064  0.765295  1.62399  0.944857
-15  -20  1.77192  0.897074  0.665936  0.880125  0.804145  0.864233  1.58196  0.978552
-15  -15  1.6449  0.873322  0.675704  0.949999  0.812535  0.938346  1.47888  0.953994
-15  -10  1.52317  0.893876  0.715031  1.07531  0.823305  1.03322  1.40042  0.964724
-15  -5  1.43189  0.881402  0.7607  1.22651  0.851675  1.14033  1.31506  0.95805
-15  0  1.3068  0.819336  0.800616  1.31443  0.871576  1.22971  1.22091  0.91919
-15  5  1.17587  0.784603  0.860289  1.41839  0.907746  1.32907  1.138  0.910917
-15  10  1.06528  0.727383  0.889764  1.52413  0.910168  1.39813  1.03513  0.88983
-15  15  0.940909  0.690514  0.893646  1.64655  0.916547  1.46586  0.939588  0.87344
-15  20  0.863418  0.665066  0.884126  1.70969  0.900355  1.51534  0.87729  0.892729
-15  25  0.770848  0.636412  0.862181  1.76763  0.864381  1.498  0.800765  0.886669
-15  30  0.707681  0.593552  0.812496  1.80616  0.777785  1.43734  0.789839  0.884465
-15  35  0.687374  0.55859  0.736491  1.76392  0.689497  1.36776  0.864372  0.863872
-15  40  0.673708  0.50897  0.605865  1.67817  0.610179  1.27298  0.883036  0.806971
-15  45  0.65664  0.490533  0.504347  1.68985  0.545423  1.25252  0.887048  0.788588
-15  50  0.617249  0.448371  0.402698  1.56816  0.468428  1.19832  0.847878  0.755771
-15  55  1.28963  1.11488  1.17712  2.71908  1.00858  2.11336  1.51521  1.24773
-10  -55  2.37917  0.626455  0.704608  0.693381  0.897023  0.718403  2.25945  0.853709
-10  -50  1.89529  0.42469  0.502581  0.481575  0.646265  0.519693  1.67827  0.62424
-10  -45  1.879  0.596458  0.542064  0.535049  0.683038  0.557553  1.66353  0.740172
-10  -40  1.81689  0.70839  0.568163  0.565385  0.712903  0.609496  1.60275  0.855168
-10  -35  1.8281  0.839065  0.601041  0.636217  0.758133  0.670928  1.59495  0.981762
-10  -30  1.79517  0.935973  0.617334  0.719582  0.750321  0.71744  1.54993  1.04122
-10  -25  1.76196  1.01883  0.661223  0.800498  0.769006  0.788943  1.53048  1.06692
-10  -20  1.67152  1.03482  0.71589  0.882645  0.816488  0.875774  1.47804  1.09497
-10  -15  1.55689  1.01725  0.726726  0.94971  0.817425  0.937293  1.39586  1.05721
-10  -10  1.48583  1.01662  0.764941  1.06401  0.85674  1.02905  1.32049  1.05388
-10  -5  1.36196  0.966201  0.820405  1.16508  0.875378  1.10698  1.26352  1.03248
-10  0  1.25446  0.884183  0.866316  1.25341  0.913395  1.18453  1.16642  0.968989
-10  5  1.15655  0.82586  0.944475  1.3633  0.991312  1.27501  1.12982  0.930945
-10  10  1.04035  0.769285  0.985984  1.44877  0.99092  1.33708  1.0327  0.910484
-10  15  0.939678  0.721365  0.999482  1.50975  0.990429  1.37665  0.948336  0.881557
-10  20  0.867061  0.684874  1.02777  1.58912  1.00542  1.42685  0.891272  0.877318
-10  25  0.80556  0.650525  1.02927  1.65387  0.98045  1.41492  0.829314  0.878672
-10  30  0.746088  0.603259  1.00696  1.67743  0.91365  1.36139  0.823226  0.875232
-10  35  0.711469  0.568521  0.908943  1.64763  0.832723  1.27825  0.893619  0.855548
-10  40  0.691274  0.514165  0.784195  1.57666  0.726521  1.20165  0.922273  0.793835
-10  45  0.691128  0.499661  0.640384  1.59422  0.643015  1.24268  0.937547  0.786261
-10  50  0.669244  0.459481  0.459102  1.5251  0.500582  1.2245  0.849464  0.760981
-10  55  1.06621  0.77259  0.785386  2.10925  0.672762  1.41746  1.07185  0.936372
-5  -55  1.46746  0.571696  0.493302  0.510089  0.497697  0.380276  0.974862  1.05476
-5  -50  1.55149  0.727965  0.499575  0.48049  0.638468  0.543791  1.41346  0.910701
-5  -45  1.60151  0.884915  0.556357  0.551495  0.681231  0.590678  1.42722  1.02256
-5  -40  1.5944  0.935162  0.574204  0.575138  0.707815  0.627668  1.42652  1.08347
-5  -35  1.62601  1.05256  0.608462  0.653636  0.756676  0.695541  1.44943  1.18268
-5  -30  1.63342  1.13234  0.649902  0.719593  0.745364  0.730998  1.42662  1.2019
-5  -25  1.61038  1.19536  0.682119  0.795975  0.776095  0.806531  1.41493  1.21756
-5  -20  1.54537  1.2076  0.742091  0.879479  0.820899  0.877241  1.38429  1.20552
-5  -15  1.45048  1.13458  0.769641  0.928175  0.844457  0.927189  1.31296  1.15258
-5  -10  1.38872  1.12155  0.818502  1.01558  0.865057  1.00391  1.26594  1.1366
-5  -5  1.28878  1.06733  0.824069  1.08874  0.872072  1.05029  1.19128  1.0847
-5  0  1.1534  0.917482  0.917709  1.16284  0.929633  1.11486  1.11395  0.97192
-5  5  1.09136  0.848229  1.05077  1.27652  1.04519  1.21445  1.09276  0.915297
-5  10  1.00747  0.814089  1.11122  1.36754  1.06922  1.25917  1.02265  0.917714
-5  15  0.942141  0.752507  1.12492  1.40854  1.09759  1.28263  0.958254  0.892123
-5  20  0.862444  0.707566  1.17213  1.46831  1.1286  1.31979  0.917357  0.893038
-5  25  0.80757  0.646858  1.20458  1.50777  1.0943  1.28537  0.865527  0.862888
-5  30  0.771085  0.602193  1.17653  1.51077  1.06546  1.20364  0.864636  0.833617
-5  35  0.747181  0.541814  1.13831  1.4491  0.989263  1.14315  0.929129  0.837815
-5  40  0.727845  0.484642  1.03619  1.36116  0.894317  1.07363  0.968633  0.775242
-5  45  0.719289  0.459691  0.91993  1.34538  0.828771  1.10233  0.960663  0.773313
-5  50  0.7085  0.447034  0.65987  1.31488  0.61203  1.12319  0.88005  0.741728
-5  55  0.643643  0.206802  0.325431  0.935383  0.493183  1.01091  0.8212  0.710595
0  -55  0.82578  0.991247  0.489499  0.416622  0.619057  0.331159  0.815051  1.36734
0  -50  1.11955  1.15369  0.495507  0.469692  0.607541  0.543701  1.06502  1.3482
0  -45  1.25115  1.1668  0.549059  0.540182  0.665005  0.578937  1.15886  1.32497
0  -40  1.31043  1.16599  0.575197  0.562785  0.699439  0.63121  1.20374  1.29507
0  -35  1.40925  1.25537  0.617017  0.62193  0.743068  0.678697  1.28877  1.34473
0  -30  1.42943  1.30161  0.656962  0.691907  0.735651  0.720004  1.27996  1.33014
0  -25  1.4344  1.31581  0.718532  0.752071  0.769856  0.778519  1.26452  1.31421
0  -20  1.38342  1.31148  0.784419  0.822687  0.824405  0.842595  1.25747  1.30026
0  -15  1.30754  1.23683  0.816596  0.855686  0.865  0.884477  1.19792  1.2273
0  -10  1.27249  1.21013  0.894512  0.919258  0.916608  0.922408  1.16654  1.17589
0  -5  1.17683  1.12324  0.941213  0.936861  0.949295  0.942844  1.12295  1.12582
0  0  1  1  1  1  1  1  1  1
0  5  0.937357  0.921828  1.12345  1.13981  1.08521  1.12522  0.980471  0.96369
0  10  0.941225  0.863962  1.18939  1.22547  1.13023  1.16149  0.961123  0.946838
0  15  0.875008  0.773349  1.23792  1.24352  1.16389  1.17118  0.923357  0.890387
0  20  0.835616  0.707752  1.29719  1.29485  1.21361  1.19165  0.907416  0.876415
0  25  0.793037  0.637677  1.3339  1.30616  1.19266  1.12813  0.870192  0.831838
0  30  0.759909  0.564543  1.35409  1.31164  1.17263  1.04141  0.879625  0.797511
0  35  0.757729  0.514998  1.36021  1.21447  1.11057  0.94315  0.9336  0.789722
0  40  0.729039  0.454819  1.29329  1.07933  1.06115  0.851411  0.972523  0.740842
0  45  0.737963  0.426583  1.26238  0.996753  1.06828  0.838136  0.958469  0.725964
0  50  0.719757  0.381091  1.13785  0.889278  0.909528  0.781697  0.872738  0.692458
0  55  0.578344  0.35137  1.21681  0.648176  0.723286  0.645444  0.787478  0.623341
5  -55  0.625195  1.41545  0.46747  0.403953  0.643379  0.591925  0.789867  1.83027
5  -50  0.745335  1.5236  0.506452  0.497759  0.594504  0.555622  0.756991  1.71259
5  -45  0.993941  1.49522  0.570233  0.54418  0.656688  0.598034  0.909914  1.61049
5  -40  1.10437  1.39462  0.598187  0.571489  0.696609  0.640199  1.02442  1.51721
5  -35  1.22662  1.45554  0.652181  0.637031  0.742543  0.695849  1.14118  1.50447
5  -30  1.25652  1.50897  0.680432  0.688985  0.74507  0.722935  1.16799  1.47529
5  -25  1.28162  1.48585  0.73951  0.748211  0.77533  0.778625  1.17006  1.43877
5  -20  1.28382  1.47354  0.824751  0.805495  0.839067  0.836221  1.17568  1.40963
5  -15  1.20843  1.38411  0.876449  0.834136  0.885837  0.851056  1.12562  1.32448
5  -10  1.17967  1.30567  0.97543  0.890612  0.957395  0.887196  1.11427  1.26372
5  -5  1.13128  1.22928  1.07341  0.898291  1.03285  0.898863  1.08324  1.18636
5  0  0.993958  1.12964  1.15384  0.977795  1.08057  0.955913  0.977417  1.10258
5  5  0.914906  1.03839  1.23451  1.08139  1.16989  1.06195  0.951581  1.06364
5  10  0.899293  0.952732  1.3298  1.15163  1.22981  1.07702  0.934719  0.983169
5  15  0.853732  0.830469  1.38794  1.13626  1.26283  1.06011  0.913422  0.912136
5  20  0.826599  0.738239  1.4519  1.17647  1.32749  1.06799  0.925804  0.859668
5  25  0.794187  0.65017  1.51148  1.16346  1.3356  1.00256  0.907685  0.809984
5  30  0.777986  0.581133  1.56708  1.11317  1.32559  0.897065  0.922497  0.795632
5  35  0.779999  0.509347  1.59708  0.983872  1.32088  0.790445  0.978625  0.80774
5  40  0.762506  0.450817  1.56342  0.824021  1.26358  0.666915  1.00284  0.747063
5  45  0.757586  0.408154  1.63879  0.693177  1.34723  0.580754  0.981996  0.714229
5  50  0.678051  0.362628  1.68337  0.516826  1.25391  0.489498  0.874022  0.665748
5  55  0.72659  0.141842  1.54752  0.512871  1.04247  0.437876  0.797052  0.652592
10  -55  0.910424  2.12685  0.84235  0.906212  0.810931  0.762662  0.790259  2.31432
10  -50  0.53855  1.64012  0.493989  0.491615  0.566423  0.54751  0.584512  1.86062
10  -45  0.729005  1.66109  0.563497  0.538879  0.618858  0.589438  0.71795  1.81438
10  -40  0.872024  1.57978  0.599319  0.553009  0.672215  0.638249  0.842547  1.66002
10  -35  1.01063  1.62199  0.649907  0.627687  0.715232  0.685664  0.969252  1.62045
10  -30  1.08813  1.61875  0.679112  0.669242  0.712331  0.731909  1.01804  1.58185
10  -25  1.12523  1.62418  0.735964  0.714416  0.757185  0.771902  1.04703  1.54215
10  -20  1.12703  1.58477  0.846039  0.767477  0.836954  0.814507  1.06082  1.48553
10  -15  1.10855  1.46969  0.909664  0.787609  0.909256  0.833541  1.0456  1.38943
10  -10  1.10454  1.39858  1.02199  0.830327  0.989665  0.856429  1.03974  1.32827
10  -5  1.07634  1.30003  1.13698  0.86329  1.07408  0.866431  1.01381  1.22273
10  0  0.963445  1.16646  1.20563  0.917002  1.13154  0.910532  0.963246  1.12235
10  5  0.917954  1.05205  1.31163  0.998795  1.23056  0.970978  0.945489  1.0603
10  10  0.875006  0.952734  1.4183  1.01307  1.30817  0.968972  0.934302  0.976349
10  15  0.832148  0.799823  1.51463  1.01116  1.34675  0.954475  0.920165  0.89458
10  20  0.83483  0.733131  1.61644  1.02626  1.43327  0.933857  0.934867  0.832199
10  25  0.796619  0.616262  1.67077  0.97711  1.44262  0.853661  0.932716  0.766234
10  30  0.776181  0.535198  1.7329  0.884183  1.46075  0.740029  0.946339  0.755084
10  35  0.796132  0.480255  1.80099  0.760206  1.45903  0.606276  0.991082  0.774344
10  40  0.756013  0.416182  1.81582  0.582257  1.44677  0.494457  0.969107  0.728255
10  45  0.726539  0.378747  1.92181  0.48707  1.57279  0.437515  0.94143  0.679374
10  50  0.608567  0.329169  1.88321  0.414725  1.42042  0.397498  0.839453  0.620171
10  55  0.820094  0.49357  2.30611  0.610565  1.54767  0.537763  1.01841  0.729012
15  -55  1.42274  3.71114  1.40347  1.52755  0.986726  0.935143  1.32768  2.43101
15  -50  0.436155  1.65861  0.46318  0.482771  0.537634  0.516233  0.51685  1.90698
15  -45  0.578601  1.78908  0.536355  0.533694  0.589338  0.587052  0.605878  1.87849
15  -40  0.704834  1.70327  0.582164  0.551086  0.638964  0.636064  0.713079  1.70134
15  -35  0.845478  1.70611  0.651774  0.598588  0.69309  0.68244  0.832173  1.68577
15  -30  0.93181  1.70967  0.672294  0.654035  0.686851  0.715313  0.901007  1.63122
15  -25  0.992167  1.69761  0.73064  0.69732  0.728578  0.759887  0.932708  1.57348
15  -20  1.00171  1.65141  0.825405  0.734452  0.817567  0.795855  0.959769  1.52649
15  -15  0.981348  1.53621  0.916509  0.740598  0.883761  0.80007  0.955218  1.41679
15  -10  0.988847  1.44039  1.00621  0.773715  0.995686  0.816702  0.947706  1.32017
15  -5  0.970251  1.34007  1.17675  0.826539  1.08724  0.836928  0.957673  1.24142
15  0  0.911686  1.17032  1.26222  0.84562  1.16232  0.86133  0.932157  1.12983
15  5  0.883271  1.0612  1.39712  0.884582  1.2604  0.87939  0.930333  1.04433
15  10  0.847903  0.910023  1.51881  0.898133  1.34071  0.867697  0.915775  0.940264
15  15  0.811289  0.77085  1.60112  0.874987  1.43813  0.83975  0.912503  0.856022
15  20  0.801032  0.665516  1.7189  0.861927  1.50242  0.798238  0.939667  0.788893
15  25  0.793517  0.562647  1.79306  0.784318  1.53918  0.708439  0.952347  0.720793
15  30  0.790197  0.500981  1.88744  0.695775  1.56103  0.586919  0.972065  0.70628
15  35  0.77836  0.416858  1.89988  0.556965  1.56573  0.496605  0.981588  0.74904
15  40  0.720506  0.357426  1.93644  0.47629  1.57405  0.409327  0.93781  0.701524
15  45  0.664103  0.338119  2.0441  0.437469  1.66106  0.3991  0.904518  0.639748
15  50  0.607157  0.321649  1.91103  0.380301  1.46075  0.367894  0.801421  0.577147
15  55  2.03861  1.58781  4.10162  2.12023  2.18502  0.822591  1.41132  0.956418
20  -55  3.21646  4.40234  2.60832  3.27146  1.17761  1.25231  1.2884  2.74295
20  -50  0.379925  1.73107  0.442859  0.462865  0.522142  0.55892  0.475871  1.94295
20  -45  0.471992  1.9476  0.525677  0.534368  0.573959  0.591879  0.565416  1.93687
20  -40  0.585591  1.80655  0.5752  0.552347  0.634238  0.643544  0.648369  1.78669
20  -35  0.713796  1.79879  0.654001  0.604143  0.679751  0.697724  0.745063  1.74782
20  -30  0.814575  1.77142  0.658714  0.651818  0.664123  0.728504  0.814181  1.69164
20  -25  0.870942  1.79903  0.72747  0.687506  0.718758  0.756261  0.860088  1.63007
20  -20  0.905619  1.73539  0.836262  0.728772  0.809409  0.78721  0.889805  1.5937
20  -15  0.913548  1.60872  0.928676  0.720994  0.887346  0.805653  0.900302  1.46485
20  -10  0.909811  1.50511  1.05617  0.757942  1.00836  0.813583  0.895832  1.37298
20  -5  0.9251  1.3807  1.21339  0.791083  1.13006  0.816615  0.925729  1.27301
20  0  0.884908  1.20964  1.34298  0.795119  1.21887  0.812784  0.920645  1.14851
20  5  0.863315  1.07433  1.50077  0.813726  1.32634  0.820145  0.928758  1.03904
20  10  0.862724  0.891102  1.6395  0.812536  1.42877  0.801142  0.916896  0.937363
20  15  0.819367  0.727219  1.75617  0.779658  1.50552  0.755973  0.926337  0.833049
20  20  0.813933  0.614556  1.88207  0.737882  1.59967  0.710099  0.970714  0.767773
20  25  0.809258  0.517617  1.94959  0.660826  1.63886  0.616785  1.00694  0.691828
20  30  0.825321  0.451878  2.04053  0.55987  1.65868  0.519576  1.00912  0.679458
20  35  0.789362  0.3982  2.06071  0.492706  1.66937  0.448832  0.994875  0.72308
20  40  0.711603  0.349432  2.05727  0.438218  1.66037  0.404315  0.930587  0.668398
20  45  0.647858  0.336912  2.07416  0.414399  1.65679  0.393704  0.918409  0.629331
20  50  0.611189  0.285946  1.84188  0.327418  1.4364  0.287804  0.800988  0.539131
20  55  3.46498  2.63234  4.30411  4.90371  2.79227  2.13119  2.24708  1.82105
25  -55  0.786892  1.98055  0.667174  0.86067  1.4253  1.79949  2.31874  2.97332
25  -50  0.56805  1.98988  0.619114  0.669415  0.596631  0.613862  0.546239  1.83094
25  -45  0.420896  1.85532  0.469044  0.503414  0.548623  0.578817  0.533313  1.87359
25  -40  0.493134  1.85585  0.529085  0.52075  0.576328  0.624025  0.598327  1.76515
25  -35  0.598974  1.8176  0.632944  0.574509  0.637326  0.67339  0.669525  1.71005
25  -30  0.699537  1.76781  0.64336  0.631956  0.632943  0.722824  0.727521  1.66137
25  -25  0.752828  1.77262  0.676337  0.658025  0.67139  0.738175  0.786695  1.62207
25  -20  0.808805  1.74353  0.774921  0.680114  0.751766  0.770187  0.818562  1.58063
25  -15  0.807813  1.61144  0.890101  0.685347  0.844016  0.76849  0.819936  1.45625
25  -10  0.836122  1.47933  1.05517  0.708088  0.983036  0.789502  0.843253  1.34223
25  -5  0.84874  1.34863  1.24241  0.723854  1.1024  0.772872  0.862893  1.22364
25  0  0.827399  1.1586  1.37061  0.704864  1.2067  0.741693  0.875244  1.09001
25  5  0.826556  0.993696  1.53845  0.726637  1.35421  0.746728  0.906685  0.991813
25  10  0.811561  0.813889  1.68361  0.696303  1.47148  0.713145  0.913512  0.876394
25  15  0.797732  0.637195  1.81259  0.664179  1.54776  0.656888  0.931286  0.75422
25  20  0.814038  0.520852  1.96608  0.625275  1.65034  0.60987  0.982114  0.684808
25  25  0.805674  0.422707  2.02259  0.537774  1.69206  0.527273  1.00077  0.624761
25  30  0.788237  0.364885  2.05217  0.483767  1.67156  0.458031  0.983524  0.636118
25  35  0.726805  0.351033  2.05041  0.436172  1.69742  0.43216  0.96239  0.6666
25  40  0.675075  0.303642  2.07376  0.405463  1.63626  0.393384  0.909688  0.615673
25  45  0.617603  0.244278  2.0113  0.370543  1.48465  0.376767  0.898162  0.587261
25  50  0.892911  0.449575  2.4646  0.634942  1.46661  0.25437  0.804622  0.562953
25  55  1.92506  1.47723  2.63221  2.92848  1.33199  1.42288  1.47557  1.17228
30  -55  0.400798  1.01095  0.533888  0.374696  2.14768  1.83957  2.33158  3.25006
30  -50  0.838355  2.95975  0.865763  0.875069  0.774726  0.798637  1.01872  2.26669
30  -45  0.40445  1.71568  0.405923  0.472506  0.517032  0.57035  0.526085  1.73068
30  -40  0.43224  1.80363  0.487397  0.506578  0.542458  0.617041  0.568948  1.73151
30  -35  0.53335  1.81305  0.597023  0.55294  0.598077  0.683496  0.636991  1.71215
30  -30  0.606204  1.73551  0.611848  0.597343  0.584512  0.71202  0.681312  1.63057
30  -25  0.680459  1.709  0.635237  0.642531  0.611313  0.741587  0.740715  1.59067
30  -20  0.72685  1.66022  0.718793  0.669057  0.698242  0.770087  0.774251  1.55903
30  -15  0.734012  1.58567  0.821251  0.654475  0.795914  0.755286  0.7806  1.42137
30  -10  0.778068  1.46551  1.02426  0.658821  0.928031  0.744622  0.812443  1.3001
30  -5  0.815495  1.29799  1.21226  0.648784  1.09377  0.747222  0.852815  1.19645
30  0  0.786962  1.06554  1.35827  0.626679  1.21433  0.718351  0.871106  1.02778
30  5  0.807819  0.902756  1.56129  0.650169  1.36819  0.712393  0.90672  0.929488
30  10  0.812804  0.705688  1.73285  0.613998  1.48428  0.666451  0.93446  0.786391
30  15  0.812089  0.536964  1.87461  0.567298  1.57262  0.609383  0.957386  0.661796
30  20  0.816819  0.431031  2.01105  0.52395  1.68173  0.563786  1.02249  0.609418
30  25  0.789358  0.365463  2.03087  0.471684  1.68662  0.497587  0.992302  0.57078
30  30  0.754859  0.33767  2.08205  0.451194  1.7028  0.462557  0.954201  0.592742
30  35  0.693748  0.317109  2.1168  0.41998  1.68491  0.431452  0.950379  0.622523
30  40  0.637408  0.286199  2.03212  0.374061  1.50272  0.391389  0.921626  0.585245
30  45  0.606242  0.256024  1.94165  0.343739  1.31748  0.372803  0.925499  0.563904
30  50  2.74117  2.13607  3.78778  3.26367  3.04085  1.84919  2.32441  1.76264
30  55  3.43089  3.04003  3.92226  5.72137  2.28991  2.38264  2.25027  1.4859
35  -55  3.1044  3.55425  3.74156  2.63757  1.11569  0.682351  1.12826  1.49123
35  -50  4.2406  5.51205  4.97514  5.28939  2.48015  2.57934  2.50701  3.41845
35  -45  1.02243  2.67152  1.04108  1.08514  0.938338  0.968959  1.02004  2.05001
35  -40  0.400804  1.5646  0.426045  0.451663  0.516601  0.606989  0.579298  1.59036
35  -35  0.494103  1.7512  0.561897  0.552489  0.558579  0.663123  0.652982  1.66678
35  -30  0.550532  1.72222  0.593215  0.591234  0.569747  0.696996  0.689264  1.60718
35  -25  0.629484  1.65676  0.589355  0.630405  0.579961  0.735441  0.737206  1.52451
35  -20  0.682304  1.61129  0.652878  0.657673  0.636078  0.75933  0.798425  1.48243
35  -15  0.6991  1.51066  0.745829  0.616856  0.716072  0.748747  0.822524  1.35494
35  -10  0.744968  1.44252  0.941213  0.618125  0.864757  0.73704  0.849648  1.25565
35  -5  0.793144  1.23904  1.17207  0.611276  1.04587  0.720762  0.88571  1.10993
35  0  0.805525  0.981837  1.35265  0.596129  1.17246  0.697301  0.915527  0.948615
35  5  0.821859  0.781578  1.59699  0.586246  1.35629  0.69171  0.971526  0.817778
35  10  0.838837  0.561562  1.77728  0.5682  1.51288  0.646535  0.998815  0.674668
35  15  0.808193  0.42397  1.88511  0.509085  1.57734  0.60118  0.997062  0.578749
35  20  0.800287  0.355802  2.01351  0.480414  1.65828  0.571337  1.0313  0.556503
35  25  0.752859  0.296851  2.06962  0.449508  1.70895  0.510893  0.973101  0.552935
35  30  0.708911  0.313127  2.1227  0.42269  1.70141  0.474805  0.948431  0.584143
35  35  0.657499  0.290529  2.05349  0.401712  1.56057  0.436825  0.952197  0.594261
35  40  0.598831  0.247358  1.89896  0.341004  1.31994  0.394883  0.914013  0.561384
35  45  1.32275  0.894999  2.86854  1.14765  1.70674  0.549937  1.25577  0.793304
35  50  2.66633  1.48108  4.07096  1.81512  3.29721  2.34682  3.00697  1.5339
35  55  1.88367  1.17944  3.35151  2.1654  2.46126  1.87379  2.80812  1.48509
40  -55  2.10911  3.97717  2.5406  2.59733  1.58005  1.26495  2.57191  2.03465
40  -50  3.94866  4.07351  5.48073  5.71503  4.33804  3.41603  4.72199  2.37195
40  -45  4.09664  4.70601  4.16503  2.75598  1.89726  2.3071  2.37667  1.99102
40  -40  0.841483  2.08212  0.878726  0.796686  0.768777  0.827305  0.880683  1.83842
40  -35  0.432624  1.51718  0.508458  0.515743  0.497324  0.628284  0.669668  1.50417
40  -30  0.505911  1.55034  0.552088  0.557946  0.536334  0.654295  0.71207  1.45468
40  -25  0.602149  1.55551  0.552133  0.607965  0.537365  0.693317  0.738009  1.39666
40  -20  0.664014  1.4652  0.549394  0.609215  0.570732  0.715207  0.808733  1.34079
40  -15  0.695771  1.39454  0.623023  0.572711  0.626491  0.694753  0.837678  1.24105
40  -10  0.746236  1.32724  0.803025  0.554686  0.758155  0.675609  0.892269  1.13307
40  -5  0.808864  1.12811  1.06457  0.548317  0.965961  0.66416  0.952982  0.976481
40  0  0.801984  0.857095  1.28235  0.530461  1.1368  0.625008  0.97504  0.814156
40  5  0.799013  0.597769  1.54557  0.513037  1.33076  0.618173  0.996552  0.668838
40  10  0.779112  0.41601  1.75567  0.498594  1.47839  0.584915  1.00905  0.558735
40  15  0.736303  0.31784  1.84361  0.460257  1.56415  0.552248  0.983244  0.512706
40  20  0.721705  0.294901  1.96569  0.444235  1.63088  0.518521  0.956698  0.529619
40  25  0.686591  0.270402  2.04807  0.418232  1.66013  0.473933  0.923572  0.539068
40  30  0.660075  0.255484  2.00251  0.388706  1.54557  0.447537  0.903863  0.546777
40  35  0.592308  0.222974  1.84843  0.356719  1.33765  0.420231  0.904037  0.546057
40  40  1.4493  0.926739  3.06622  1.2353  1.5461  0.520656  1.16208  0.725701
40  45  5.24318  3.53898  4.94856  4.54718  3.96367  3.62535  3.42973  2.08069
40  50  2.16946  1.27316  5.31181  1.48938  3.35024  3.39037  3.30152  2.32973
40  55  2.97699  2.52916  3.03356  2.41727  4.33804  3.63764  4.41551  1.92941
45  -55  0.72971  1.57202  0.734934  0.507625  2.19124  1.88876  2.37498  1.85667
45  -50  0.877091  2.58089  0.843524  0.713154  3.7812  3.66673  3.95881  2.97759
45  -45  3.13157  3.22214  4.97514  2.21886  1.09518  0.778608  1.31932  1.7087
45  -40  2.72701  2.83241  2.99534  2.87236  2.27925  2.30588  2.73849  1.85092
45  -35  1.04994  2.15268  1.02892  1.15635  0.807901  0.895808  1.09977  1.57726
45  -30  0.530471  1.26811  0.484624  0.546643  0.505949  0.639026  0.723477  1.36156
45  -25  0.631518  1.30987  0.502114  0.572797  0.497663  0.669068  0.770123  1.28149
45  -20  0.700658  1.40114  0.503617  0.601244  0.534364  0.683743  0.848531  1.23836
45  -15  0.754013  1.35534  0.528333  0.567929  0.554127  0.67173  0.878625  1.17292
45  -10  0.784259  1.33766  0.672336  0.52823  0.687547  0.643195  0.920701  1.08911
45  -5  0.801479  1.18134  0.944754  0.525157  0.912423  0.611257  0.976196  0.91359
45  0  0.75437  0.800893  1.28007  0.502006  1.14352  0.577855  0.98423  0.715331
45  5  0.76331  0.476209  1.54667  0.486862  1.39825  0.576946  1.00268  0.588156
45  10  0.724121  0.340336  1.80616  0.466395  1.54173  0.539993  0.967522  0.516257
45  15  0.687588  0.279183  1.89098  0.452784  1.56722  0.510789  0.918878  0.506875
45  20  0.679607  0.257945  1.94265  0.445197  1.57958  0.501643  0.912502  0.524912
45  25  0.648947  0.227131  1.87663  0.408874  1.47163  0.463972  0.880172  0.510023
45  30  0.636029  0.224752  1.84256  0.373404  1.42185  0.436676  0.917378  0.514143
45  35  1.8016  1.08442  3.3816  1.19056  1.74651  0.639109  1.26507  0.754893
45  40  3.74189  3.51475  5.93681  4.98843  4.54546  4.05133  4.40669  2.24295
45  45  5.87679  4.07542  5.93309  4.83139  4.00557  1.57486  2.15546  1.48872
45  50  3.13002  2.49609  2.8407  2.43312  3.34434  2.46268  2.9507  2.53858
45  55  2.6761  1.62571  3.10523  1.86014  2.04121  2.74652  2.41312  1.62772
50  -55  3.77509  2.57378  2.2176  3.65141  0.654854  0.554722  0.570579  0.837137
50  -50  0.44823  0.223976  0.393529  1.08962  3.14034  5.92512  4.0634  2.48187
50  -45  3.92806  3.78386  5.42824  5.3295  1.12718  1.20588  1.56575  1.85092
50  -40  4.19178  3.67521  4.81721  0.1  1.99574  2.02303  1.96697  1.77388
50  -35  2.12968  5.1554  2.2398  2.31859  2.95366  3.2057  3.04468  3.27692
50  -30  1.95893  2.15968  2.39363  2.13207  1.61432  1.66512  2.23234  2.2502
50  -25  1.10275  1.63528  0.904982  0.958115  0.310975  0.538932  0.77782  1.01022
50  -20  0.614787  1.06971  0.400013  0.472168  0.462102  0.625038  0.81778  1.10818
50  -15  0.666533  1.17841  0.403008  0.484289  0.473947  0.620976  0.847196  1.06494
50  -10  0.679695  1.34862  0.461219  0.457133  0.53863  0.600273  0.902755  1.03387
50  -5  0.685151  1.31352  0.666864  0.45313  0.740139  0.57539  0.927252  0.850323
50  0  0.675971  0.633755  1.12135  0.437699  1.0657  0.534692  0.906496  0.654259
50  5  0.652824  0.313324  1.50211  0.420961  1.32087  0.529549  0.874802  0.51818
50  10  0.625625  0.259761  1.64937  0.4144  1.41695  0.496019  0.852904  0.486447
50  15  0.578602  0.224204  1.65466  0.388067  1.42097  0.482597  0.835294  0.485027
50  20  0.544438  0.220087  1.7071  0.347275  1.42588  0.473098  0.854311  0.487776
50  25  1.24048  0.738316  2.62299  0.967962  1.38339  0.412001  0.833609  0.425659
50  30  3.38407  2.12632  5.24438  3.39598  2.12233  0.919308  1.94203  1.13618
50  35  4.21944  1.94532  2.40287  2.14465  1.04653  0.574427  0.772258  0.753277
50  40  5.6369  5.05833  0.1  7.96461  0.377623  0.1  0.1  0.35004
50  45  3.85533  2.93853  4.45565  5.32703  3.66244  2.26024  3.48374  2.29814
50  50  1.84106  0.629145  1.20925  0.588395  1.98732  2.00171  2.17375  1.46623
50  55  1.55054  0.900936  4.05256  1.17264  2.39481  1.53967  3.8357  1.83497
55  -55  1.61778  3.83779  1.84124  1.59033  1.04006  0.937751  1.1579  1.48364
55  -50  0.415027  0.138412  0.800088  0.210141  5.0484  3.00938  4.06771  2.20064
55  -45  5.39469  5.36283  7.12052  0.1  7.63423  3.19571  4.67679  5.36986
55  -40  2.18221  5.80827  2.09534  2.05082  2.27925  2.9786  3.63296  3.37389
55  -35  0.61175  1.50995  0.10164  0.102476  0.1  0.1  0.1  0.1
55  -30  0.45487  0.1  0.58899  0.1  0.1  0.1  0.1  0.1
55  -25  3.17966  5.01135  2.3716  1.95699  2.18324  1.63351  2.38682  2.49503
55  -20  2.54163  3.45527  3.71845  2.95131  0.31113  0.473439  0.635624  0.920224
55  -15  1.82483  2.88111  1.99699  2.17079  0.511734  0.714971  1.02482  1.17143
55  -10  0.874659  1.60829  0.637103  0.646816  0.448257  0.539682  0.829676  0.937888
55  -5  0.585974  1.19615  0.503987  0.501321  0.533889  0.560083  0.873481  0.819856
55  0  0.676096  0.675281  0.910785  0.379433  0.879799  0.463458  0.701973  0.672172
55  5  0.709661  0.253178  1.34566  0.335122  1.10845  0.401944  0.694906  0.403883
55  10  1.18219  0.702582  2.7431  0.971448  1.18909  0.459377  0.741687  0.44319
55  15  1.55582  1.2879  3.01332  1.28557  1.61319  0.595349  0.974915  0.573615
55  20  1.67671  0.510027  3.25248  1.03773  3.10004  2.86274  3.29291  1.31292
55  25  1.55552  0.689543  4.03953  1.14843  0.1  0.1  0.1  6.31264
55  30  0.621213  0.520429  1.51939  0.388631  0.1  0.1  0.1  0.1
55  35  1.92019  2.44108  2.30731  1.53931  0.746711  0.720854  0.8695  1.59951
55  40  0.1  0.1  0.784451  0.150471  0.1  0.1  0.1  6.31264
55  45  0.1  0.1  0.1  0.1  0.1  0.1  0.1  0.1
55  50  5.96256  3.0501  7.04529  7.58151  0.508475  0.1  0.238897  0.1
55  55  0.76365  0.629145  1.12586  1.7849  7.11154  2.05561  3.70398  3.029
