-55  -55  0  0  0  0  0  0  0  0
-55  -50  0.263419  0.121137  0.361513  0  0  0  0  0
-55  -45  0  0  0  0  0  0  0  0
-55  -40  0  0  0  0  0  0  0  0
-55  -35  0  0  0  0  0.166077  0.254753  0.141051  0.190686
-55  -30  0  0  0  0  0  0  0  0
-55  -25  6.13301  8.31002  10.0664  9.08521  0  0  0  0
-55  -20  1.07183  0.255427  0.272771  0.140944  0.261833  0.296515  0.296878  0
-55  -15  2.07822  0.40183  0.737765  0.376667  1.01891  0.889546  3.00505  1.30745
-55  -10  1.40824  0.449217  0.47636  0.381041  0.56352  0.248374  0.900905  0.457042
-55  -5  0.909462  0.283513  0.413614  0.42322  0.431348  0.330751  0.838051  0.42186
-55  0  0.708009  0.343588  0.441441  0.820869  0.441402  0.469784  0.579889  0.390845
-55  5  0.527711  0.310184  0.443767  1.33276  0.445717  0.724453  0.441733  0.407346
-55  10  0.361504  0.312853  0.371276  1.37552  0.548104  1.6516  0.465285  0.502782
-55  15  0.483823  0.492918  0.610109  2.17247  0.460251  1.36307  0.400212  0.668516
-55  20  0.376534  0.411867  0.493898  1.6272  0  0  0  0
-55  25  0  0  0  0  0  0  0  0
-55  30  0  0  0  0  0  0  0  0
-55  35  0  0  0  0  0  0  0  0
-55  40  0.908019  0.00484549  0.0967429  0.116897  0  0  0  0
-55  45  0.158051  0.101755  0.076376  0.547076  0  0  0  0
-55  50  0  0  0  0  0.21994  1.08583  0.572263  0.150048
-55  55  0  0  0  0  0  0  0  0
-50  -55  6.11441  4.94725  10.046  6.47608  0  0  0  0
-50  -50  0  0  0  0  2.5929  2.76052  0.886605  2.24551
-50  -45  0  0  0  0  5.86058  4.50342  0  3.93979
-50  -40  0  0  0  0  0.112214  0.405099  0.914816  0.17193
-50  -35  0  0  0  0  0.54985  0.219254  1.16669  0.348548
-50  -30  2.61869  0.501508  1.71591  0.296658  0.875271  0.363336  2.08621  0.725856
-50  -25  1.45362  0.31242  0.44547  0.266862  0.547743  0.290733  1.16941  0.46802
-50  -20  1.18888  0.334965  0.467578  0.273558  0.683294  0.311815  1.23374  0.508216
-50  -15  1.52945  0.366616  0.515459  0.38234  0.667875  0.358889  1.19999  0.567507
-50  -10  1.59251  0.387595  0.516115  0.469153  0.721588  0.407227  1.28073  0.62288
-50  -5  1.42057  0.426079  0.528669  0.765394  0.676054  0.648206  1.13728  0.667302
-50  0  1.06854  0.415194  0.531941  1.20184  0.64382  0.921125  0.985152  0.717416
-50  5  0.807872  0.441186  0.538339  1.66463  0.629456  1.28156  0.654785  0.716151
-50  10  0.539548  0.433308  0.523661  1.85124  0.599166  1.43278  0.537605  0.671426
-50  15  0.43975  0.425632  0.482208  1.74682  0.612383  1.33127  0.500261  0.617382
-50  20  0.379323  0.429837  0.484214  1.57839  0.5906  1.08642  0.503531  0.575061
-50  25  0.391352  0.309621  0.405517  1.71282  0.556214  1.23302  0.445704  0.547409
-50  30  0.837086  0.450631  0.515283  1.50843  1.16703  2.01401  0.75822  1.47938
-50  35  0  0  0  0  1.5306  0.534563  3.98166  0.794002
-50  40  0  0  0  0  2.17696  3.94658  1.93038  2.14756
-50  45  6.12681  0  8.1926  9.09456  0.210963  0.196285  0.141051  1.1785
-50  50  0  0  0  0  3.64921  4.61478  6.23445  4.29824
-50  55  0  0  0  0  0  0  0  0
-45  -55  4.4306  3.80694  3.0194  4.34076  0  0  0  0
-45  -50  0.536134  -0.00484549  0.076376  0.0607863  3.68512  1.44917  6.93567  2.71024
-45  -45  0  0  0  0  2.02435  3.32849  2.75251  1.87247
-45  -40  6.13301  3.00905  3.0805  2.36131  1.0593  0.833863  0.663342  0.673131
-45  -35  1.90851  0.259961  0.535359  0.442308  0.655331  0.323407  1.62465  0.482207
-45  -30  1.51962  0.312163  0.441982  0.300082  0.641205  0.298945  1.22289  0.469199
-45  -25  1.5333  0.339329  0.512778  0.34542  0.712361  0.356138  1.5623  0.525723
-45  -20  1.86291  0.407386  0.546558  0.417829  0.764735  0.40137  1.60723  0.605018
-45  -15  1.82061  0.439745  0.572205  0.512324  0.790476  0.468631  1.55088  0.629188
-45  -10  1.78755  0.464535  0.598784  0.668023  0.816092  0.593503  1.44871  0.689699
-45  -5  1.40436  0.513837  0.610631  0.960528  0.775134  0.815673  1.32979  0.74699
-45  0  1.19513  0.514745  0.624253  1.33102  0.758942  1.05575  1.09306  0.75374
-45  5  0.991425  0.519452  0.620899  1.67032  0.781437  1.30976  0.870609  0.818128
-45  10  0.721613  0.536249  0.641174  1.97744  0.73903  1.54244  0.675377  0.829818
-45  15  0.613113  0.516708  0.622235  1.95381  0.734792  1.56964  0.627303  0.787732
-45  20  0.507391  0.483734  0.59534  2.00824  0.685078  1.55432  0.604998  0.766343
-45  25  0.418374  0.470711  0.541655  1.84839  0.602342  1.21636  0.573444  0.726136
-45  30  0.416175  0.47248  0.511372  1.33118  0.54575  1.0473  0.582178  0.611348
-45  35  0.771262  0.469027  0.581272  1.64693  0.69454  1.28449  1.88901  1.05502
-45  40  4.14032  3.8667  5.69765  4.97512  1.7655  2.47792  1.86321  1.9277
-45  45  2.25765  1.72015  1.49442  4.49117  0.794477  0.421804  0.628684  0.361573
-45  50  1.19623  0.857652  0.621191  1.8797  3.34399  3.21156  0.697194  2.50392
-45  55  0.0495847  0.0920643  -0.00509173  0.247821  0  0  0  0
-40  -55  0.313003  0.499085  0.280045  0.0981932  0  0  0  0
-40  -50  4.92438  5.82912  6.81783  4.73665  2.85922  1.75821  2.72027  1.76775
-40  -45  4.89649  1.69108  1.73119  3.04399  4.60976  4.34333  1.08408  3.2948
-40  -40  2.78239  0.299788  0.516973  0.30275  0.678791  0.252725  1.33856  0.298257
-40  -35  1.59655  0.291309  0.487428  0.304331  0.652964  0.343699  1.36324  0.463173
-40  -30  1.82811  0.348348  0.541068  0.351275  0.698368  0.379697  1.61978  0.512754
-40  -25  1.92775  0.388983  0.578023  0.405145  0.771479  0.421236  1.69758  0.579054
-40  -20  1.89243  0.447908  0.591598  0.509207  0.802592  0.476687  1.65877  0.63314
-40  -15  1.92094  0.487852  0.571171  0.611119  0.824008  0.574949  1.56867  0.676983
-40  -10  1.73824  0.501994  0.619835  0.756012  0.828992  0.701308  1.44822  0.717151
-40  -5  1.5221  0.541216  0.625734  1.08171  0.797955  0.879031  1.34905  0.736351
-40  0  1.31006  0.55031  0.638802  1.25165  0.797431  1.01821  1.1648  0.760737
-40  5  1.05251  0.553694  0.660265  1.58893  0.805806  1.25307  0.96991  0.81064
-40  10  0.848982  0.546392  0.681393  1.7684  0.778118  1.4606  0.773461  0.805966
-40  15  0.664627  0.557338  0.659408  1.89698  0.763529  1.47961  0.687198  0.847174
-40  20  0.60474  0.552335  0.653575  1.95061  0.723841  1.56073  0.639574  0.840001
-40  25  0.530708  0.534612  0.626783  1.96338  0.649387  1.45783  0.634262  0.805641
-40  30  0.452795  0.509301  0.561766  1.75974  0.590038  1.29745  0.671493  0.797049
-40  35  0.411053  0.504464  0.526586  1.54998  0.533724  1.10577  0.63901  0.673379
-40  40  0.564173  0.472137  0.730514  1.22018  0.403691  0.90613  0.501626  0.577688
-40  45  1.50846  1.4908  1.81393  2.33326  1.7887  1.81355  0.848032  1.45359
-40  50  0.728275  0.379563  0.785824  1.72539  3.15846  3.20599  0.314342  2.21216
-40  55  0  0  0  0  0  0  0  0
-35  -55  4.25499  5.04415  6.78728  3.82018  0  0  0  0
-35  -50  0  0  0  0  1.23099  1.52911  1.73593  1.39185
-35  -45  1.53009  0.231158  0.484265  0.293541  0.743746  0.823534  1.55591  0.590547
-35  -40  1.78837  0.25039  0.49097  0.321205  0.600353  0.369181  1.40418  0.395319
-35  -35  2.04949  0.340721  0.534389  0.369917  0.729517  0.429777  1.83083  0.506124
-35  -30  2.09779  0.398912  0.566919  0.431672  0.766106  0.473103  1.7938  0.580347
-35  -25  2.06212  0.451294  0.58262  0.492236  0.815814  0.510918  1.66529  0.636996
-35  -20  1.9149  0.531004  0.623784  0.593964  0.855834  0.588382  1.74593  0.68559
-35  -15  1.69457  0.566534  0.640464  0.747773  0.82529  0.691455  1.59174  0.710861
-35  -10  1.83054  0.57897  0.662105  0.908572  0.835691  0.798394  1.44896  0.753276
-35  -5  1.56545  0.620503  0.66002  1.12257  0.833111  0.967847  1.39859  0.777773
-35  0  1.29107  0.618039  0.70088  1.37849  0.844635  1.13181  1.17974  0.814086
-35  5  1.20338  0.615719  0.711669  1.57493  0.844299  1.29387  1.07179  0.837747
-35  10  0.980987  0.606692  0.713646  1.78386  0.812035  1.37125  0.898679  0.817048
-35  15  0.832569  0.621862  0.724156  1.77067  0.768864  1.45022  0.772045  0.84876
-35  20  0.717213  0.610802  0.675945  1.93839  0.7573  1.54274  0.691349  0.860027
-35  25  0.625431  0.585421  0.673235  1.94283  0.695018  1.47577  0.693991  0.892927
-35  30  0.576471  0.591484  0.630803  1.90995  0.670926  1.41086  0.727765  0.867585
-35  35  0.557385  0.557257  0.560637  1.77897  0.59621  1.33894  0.737349  0.836324
-35  40  0.491805  0.480548  0.419716  1.27106  0.507405  1.0868  0.681162  0.65063
-35  45  0.746518  0.580459  0.558232  4.19737  0.448279  0.946344  0.676101  0.746958
-35  50  2.01128  1.80737  4.00465  1.70435  1.15998  0.939662  1.0196  0.465773
-35  55  0.656997  0.571768  1.14564  1.7628  0  0  0  0
-30  -55  0  0.736514  2.00105  1.06142  0  0  0  0
-30  -50  2.6545  0.496663  0.672674  0.507591  0.767546  0.789316  1.71867  1.21065
-30  -45  1.41493  0.22062  0.472995  0.294787  0.57728  0.37967  1.25376  0.397968
-30  -40  1.93706  0.297589  0.53473  0.374306  0.688752  0.426844  1.65138  0.484928
-30  -35  2.06562  0.405312  0.565656  0.45199  0.760423  0.488694  1.90307  0.590169
-30  -30  1.87909  0.463057  0.588344  0.511631  0.803886  0.547411  1.81964  0.631058
-30  -25  2.07503  0.51489  0.60408  0.586865  0.798713  0.581911  1.71259  0.696159
-30  -20  1.96159  0.60409  0.631095  0.692353  0.834833  0.691225  1.68224  0.750278
-30  -15  1.79598  0.623851  0.643975  0.795532  0.810817  0.799485  1.60656  0.757829
-30  -10  1.75575  0.666057  0.694651  1.02303  0.828306  0.915054  1.48142  0.758473
-30  -5  1.49387  0.675233  0.708458  1.18105  0.824247  1.05963  1.36109  0.798309
-30  0  1.32935  0.67161  0.713502  1.30238  0.858907  1.19609  1.21118  0.817809
-30  5  1.22258  0.661479  0.720819  1.56512  0.799692  1.33583  1.10401  0.829304
-30  10  1.02532  0.652315  0.726205  1.73643  0.80439  1.41776  0.966342  0.842421
-30  15  0.902265  0.66649  0.701947  1.79371  0.789699  1.47109  0.851779  0.877196
-30  20  0.792294  0.633541  0.725287  1.86269  0.763785  1.57042  0.731348  0.875869
-30  25  0.691616  0.647938  0.659919  1.81304  0.701282  1.43229  0.72388  0.906181
-30  30  0.626948  0.631621  0.635232  1.88538  0.673367  1.43538  0.735481  0.882395
-30  35  0.606466  0.593625  0.592655  1.70513  0.617995  1.3958  0.795542  0.870353
-30  40  0.584745  0.536831  0.527001  1.5581  0.54483  1.20204  0.769017  0.758664
-30  45  0.539982  0.456236  0.452706  1.09374  0.458497  1.05797  0.683635  0.715627
-30  50  1.11772  0.731669  0.660228  2.26184  2.53155  1.50114  0.90474  1.24241
-30  55  1.20553  0.857652  2.05197  2.59511  0  0  0  0
-25  -55  4.09177  3.25778  2.85307  2.79773  0.318689  0.254753  1.10826  0.278213
-25  -50  1.5322  0.301077  0.607666  0.443735  0.587417  0.40301  1.39559  0.379095
-25  -45  1.68649  0.26609  0.515649  0.353404  0.6585  0.442869  1.57745  0.453099
-25  -40  2.02353  0.363255  0.5666  0.421359  0.731886  0.476651  1.81003  0.542864
-25  -35  2.0184  0.463901  0.577998  0.482817  0.752275  0.557608  1.74307  0.644888
-25  -30  2.01573  0.547521  0.599427  0.567806  0.799194  0.594901  1.74503  0.696178
-25  -25  1.9686  0.628194  0.647437  0.645715  0.842879  0.660311  1.66453  0.746942
-25  -20  1.85772  0.668756  0.643235  0.75494  0.825569  0.776068  1.66147  0.778454
-25  -15  1.67546  0.705236  0.686654  0.89378  0.825034  0.819455  1.59959  0.830913
-25  -10  1.71132  0.733251  0.702967  1.05756  0.843251  0.976846  1.4787  0.822094
-25  -5  1.47936  0.748756  0.747733  1.23943  0.838843  1.12213  1.34882  0.845059
-25  0  1.31377  0.707612  0.739178  1.35925  0.837858  1.21631  1.19197  0.837379
-25  5  1.27326  0.736697  0.76968  1.56999  0.854946  1.30805  1.13998  0.843852
-25  10  1.08441  0.740538  0.762693  1.71608  0.833388  1.42539  1.01067  0.857295
-25  15  0.939977  0.660901  0.754078  1.73186  0.79673  1.56589  0.899134  0.863156
-25  20  0.82439  0.667879  0.746541  1.88421  0.753079  1.54946  0.795341  0.888109
-25  25  0.703112  0.661403  0.741882  1.85654  0.708437  1.45751  0.731635  0.891777
-25  30  0.667166  0.631629  0.680978  1.76232  0.669713  1.43337  0.766301  0.894578
-25  35  0.67148  0.607995  0.608526  1.77182  0.628038  1.3208  0.781826  0.854851
-25  40  0.649285  0.561948  0.541248  1.49993  0.581397  1.26948  0.805213  0.8154
-25  45  0.611284  0.531552  0.476207  1.32894  0.507387  1.10007  0.739563  0.767021
-25  50  0.524169  0.521634  0.432797  1.43745  0.446112  1.02319  1.1884  0.785015
-25  55  6.1392  8.15496  8.4981  9.09456  0  0  0  0
-20  -55  2.39556  0.381032  0.768852  0.631242  0.543117  0.411781  1.29632  0.315725
-20  -50  1.50438  0.237877  0.466231  0.335714  0.57314  0.436105  1.30688  0.440324
-20  -45  2.03134  0.365428  0.562827  0.435365  0.697666  0.503576  1.6283  0.529197
-20  -40  1.97458  0.444806  0.582964  0.478138  0.721126  0.533263  1.75713  0.63745
-20  -35  2.07051  0.568845  0.622815  0.530405  0.789585  0.602395  1.73131  0.718428
-20  -30  1.86238  0.647867  0.639594  0.59766  0.821451  0.660621  1.68102  0.796838
-20  -25  1.92056  0.754155  0.647895  0.715046  0.809135  0.732267  1.68045  0.839712
-20  -20  1.79114  0.800908  0.709941  0.811684  0.841524  0.794899  1.61859  0.928189
-20  -15  1.66885  0.808776  0.718394  0.922508  0.849089  0.933503  1.5323  0.888885
-20  -10  1.68504  0.853374  0.758786  1.06563  0.855281  1.01792  1.43356  0.903851
-20  -5  1.44258  0.829083  0.774219  1.24677  0.849792  1.12713  1.35995  0.92458
-20  0  1.32241  0.781188  0.819462  1.34532  0.896774  1.2407  1.26633  0.934293
-20  5  1.18659  0.805704  0.853954  1.44178  0.879382  1.35072  1.14276  0.884211
-20  10  1.09263  0.745626  0.892924  1.64425  0.907696  1.45054  1.00803  0.88853
-20  15  0.925771  0.720882  0.861856  1.7203  0.888757  1.51548  0.936188  0.891428
-20  20  0.862755  0.72433  0.85673  1.84796  0.853488  1.53729  0.846902  0.907978
-20  25  0.765971  0.690612  0.82378  1.88594  0.784736  1.49045  0.78556  0.901079
-20  30  0.703012  0.633663  0.753015  1.80142  0.704384  1.42852  0.767593  0.904056
-20  35  0.717435  0.632694  0.707084  1.7009  0.652816  1.39068  0.812751  0.909838
-20  40  0.698657  0.591021  0.59313  1.52885  0.595952  1.28553  0.838695  0.868948
-20  45  0.695152  0.578785  0.530195  1.48236  0.544598  1.18914  0.834979  0.811816
-20  50  0.610091  0.433032  0.400918  1.1949  0.478472  0.954207  0.70298  0.673693
-20  55  0.914218  0.557231  1.23559  1.32795  0  0  0  0
-15  -55  1.60571  0.264483  0.40595  0.29458  0.586207  0.480272  1.58138  0.40888
-15  -50  1.54536  0.330372  0.48762  0.390247  0.619058  0.434515  1.28262  0.504007
-15  -45  1.91434  0.458677  0.597926  0.482714  0.705328  0.541575  1.69553  0.674114
-15  -40  1.87623  0.591367  0.577615  0.49073  0.749921  0.588138  1.57729  0.749641
-15  -35  1.87513  0.69305  0.638274  0.582203  0.78159  0.653834  1.6338  0.850489
-15  -30  1.84852  0.793526  0.656453  0.645009  0.811727  0.685845  1.63972  0.913815
-15  -25  1.81093  0.868202  0.695285  0.70293  0.804047  0.758383  1.59498  0.970538
-15  -20  1.75  0.895288  0.728066  0.819745  0.844383  0.873197  1.52204  0.95644
-15  -15  1.55039  0.889981  0.732331  0.91828  0.855153  0.927192  1.42939  0.986031
-15  -10  1.45153  0.904929  0.785405  1.03003  0.879196  1.00785  1.37979  0.980921
-15  -5  1.39191  0.90076  0.847904  1.18241  0.889113  1.10521  1.26299  0.964301
-15  0  1.24347  0.817265  0.837527  1.25709  0.927931  1.19537  1.17404  0.933306
-15  5  1.16476  0.809042  0.893485  1.35773  0.950094  1.28313  1.08103  0.880826
-15  10  1.05603  0.780327  0.952216  1.43463  0.952545  1.35143  1.00779  0.901367
-15  15  0.970518  0.744645  0.951931  1.50106  0.929472  1.44028  0.971966  0.895535
-15  20  0.886503  0.729299  0.927741  1.69251  0.941983  1.46734  0.872504  0.900726
-15  25  0.775186  0.647329  0.904807  1.75281  0.87043  1.44089  0.791826  0.91366
-15  30  0.725029  0.647048  0.894323  1.63878  0.808615  1.35786  0.792525  0.925156
-15  35  0.710705  0.633339  0.803549  1.67673  0.71743  1.32622  0.831586  0.881924
-15  40  0.695763  0.581137  0.683803  1.50648  0.635454  1.23029  0.847365  0.808388
-15  45  0.722907  0.549941  0.590779  1.46284  0.540186  1.19742  0.864291  0.818735
-15  50  0.64855  0.495112  0.453673  1.14193  0.472406  1.10176  0.730088  0.710134
-15  55  0.823571  0.593807  0.59409  1.73786  0  0  0  0
-10  -55  1.32138  0.320039  0.453164  0.385573  0.668498  0.555793  1.3401  0.706921
-10  -50  1.604  0.438784  0.50125  0.400028  0.633891  0.478849  1.46129  0.683295
-10  -45  1.72503  0.644409  0.60031  0.47138  0.717816  0.574767  1.61584  0.806624
-10  -40  1.74852  0.727831  0.610806  0.522275  0.761855  0.626774  1.56618  0.886961
-10  -35  1.7606  0.8484  0.643073  0.601538  0.776059  0.684195  1.54488  0.955944
-10  -30  1.79492  0.949543  0.677407  0.670341  0.7988  0.71021  1.51308  1.04152
-10  -25  1.60447  0.995621  0.725374  0.747691  0.806322  0.776039  1.4854  1.04366
-10  -20  1.61348  1.04051  0.75939  0.79992  0.877255  0.868757  1.46446  1.09648
-10  -15  1.45868  1.02258  0.778613  0.916421  0.875869  0.907781  1.33463  1.05449
-10  -10  1.44927  1.02976  0.806874  0.999211  0.879497  1.02953  1.34064  1.00104
-10  -5  1.34518  0.993233  0.864946  1.15682  0.920979  1.1039  1.25431  1.06172
-10  0  1.19126  0.907105  0.893831  1.18062  0.958023  1.16186  1.17009  0.974452
-10  5  1.08114  0.841694  0.97398  1.31505  1.03668  1.23685  1.06276  0.940666
-10  10  0.999387  0.803131  0.982483  1.3789  1.01108  1.28331  1.01002  0.931721
-10  15  0.972255  0.756551  1.0511  1.49907  1.03704  1.38185  0.921259  0.897666
-10  20  0.86205  0.732727  1.08567  1.54232  1.06784  1.39156  0.88534  0.933636
-10  25  0.798149  0.667704  1.01997  1.57439  1.01724  1.39405  0.827826  0.922608
-10  30  0.744109  0.632531  1.04447  1.56066  0.917313  1.35058  0.824492  0.900384
-10  35  0.742875  0.625647  1.01078  1.4955  0.841826  1.29156  0.871893  0.870078
-10  40  0.734884  0.547804  0.805978  1.44459  0.729081  1.21859  0.89609  0.828231
-10  45  0.739378  0.564603  0.688712  1.42934  0.637626  1.22525  0.882537  0.784217
-10  50  0.707881  0.485576  0.504863  1.25196  0.498006  1.10825  0.787549  0.740785
-10  55  1.2103  0.492181  0.526214  1.35221  0  0  0  0
-5  -55  1.21264  0.550548  0.481877  0.306292  0.537276  0.466792  1.0897  0.717661
-5  -50  1.31577  0.788281  0.531113  0.451329  0.637686  0.531209  1.2553  0.983264
-5  -45  1.52412  0.922853  0.574708  0.528871  0.705204  0.596204  1.3938  1.05642
-5  -40  1.52783  0.940242  0.635527  0.540334  0.754727  0.637348  1.36126  1.07412
-5  -35  1.54786  1.06478  0.673673  0.608729  0.80122  0.719747  1.39103  1.17525
-5  -30  1.5884  1.10689  0.717764  0.672375  0.819981  0.753211  1.41866  1.18004
-5  -25  1.45089  1.12787  0.728317  0.731966  0.801159  0.789408  1.3289  1.2004
-5  -20  1.43626  1.16689  0.764931  0.790347  0.873618  0.88814  1.32664  1.20053
-5  -15  1.41606  1.12253  0.837624  0.869419  0.896207  0.934873  1.28796  1.14241
-5  -10  1.34899  1.09219  0.871792  0.961981  0.939219  1.01257  1.23788  1.14344
-5  -5  1.2779  1.04084  0.890898  1.06265  0.939355  1.0408  1.16538  1.07575
-5  0  1.1964  0.963872  0.987127  1.08937  1.00463  1.12978  1.11946  1.02659
-5  5  1.09974  0.899812  1.08988  1.2175  1.07417  1.15251  1.03158  0.933922
-5  10  0.991161  0.828391  1.13886  1.30391  1.14178  1.24521  1.00203  0.926012
-5  15  0.921775  0.807634  1.16205  1.37432  1.14255  1.28275  0.934307  0.889079
-5  20  0.867428  0.762424  1.26517  1.44297  1.17433  1.24771  0.879334  0.920624
-5  25  0.824182  0.663399  1.24268  1.47021  1.15427  1.25426  0.853248  0.878294
-5  30  0.783654  0.623316  1.20667  1.36579  1.07281  1.23246  0.866038  0.866543
-5  35  0.779166  0.578578  1.18365  1.37421  1.01593  1.12415  0.916179  0.869849
-5  40  0.759555  0.52661  1.07397  1.25527  0.894989  1.09166  0.974618  0.81057
-5  45  0.819161  0.524038  1.03247  1.17511  0.80935  1.10771  0.917348  0.79421
-5  50  0.74303  0.486605  0.809916  1.13668  0.656069  1.02304  0.832377  0.712524
-5  55  0.6979  0.424892  0.679746  0.991097  0  0  0  0
0  -55  0.747802  1.05508  0.354635  0.349416  0.474618  0.424896  0.791638  1.02479
0  -50  1.01907  1.16571  0.528769  0.424052  0.625122  0.554425  0.968794  1.29199
0  -45  1.17582  1.13952  0.600155  0.51289  0.716521  0.594097  1.12964  1.33692
0  -40  1.2477  1.16814  0.609394  0.537204  0.750639  0.674879  1.15761  1.23726
0  -35  1.32367  1.20738  0.677614  0.605836  0.783206  0.701775  1.19734  1.29707
0  -30  1.35144  1.21728  0.721851  0.658706  0.797763  0.755218  1.25541  1.29496
0  -25  1.37936  1.2929  0.74231  0.712566  0.795945  0.781213  1.26047  1.29247
0  -20  1.34645  1.29773  0.809542  0.794072  0.902447  0.850337  1.22332  1.21201
0  -15  1.30726  1.23915  0.904657  0.852673  0.924128  0.865231  1.14026  1.17721
0  -10  1.26816  1.16702  0.943738  0.886728  0.99069  0.930981  1.14627  1.18069
0  -5  1.11358  1.10056  1.00667  0.87492  0.992298  0.948519  1.10457  1.13455
0  0  1  1  1  1  1  1  1  1
0  5  0.965368  0.947607  1.19538  1.12781  1.15884  1.09092  0.964079  0.978094
0  10  0.947452  0.87459  1.23823  1.17236  1.22898  1.16095  0.932  0.928146
0  15  0.874569  0.836865  1.28237  1.16416  1.21026  1.15112  0.9392  0.934997
0  20  0.854537  0.770424  1.31986  1.25682  1.30518  1.17861  0.897567  0.877476
0  25  0.800612  0.678171  1.31796  1.27611  1.26855  1.11783  0.869237  0.846071
0  30  0.751497  0.606373  1.37561  1.21374  1.22344  1.05224  0.870767  0.856993
0  35  0.797414  0.585413  1.39992  1.10351  1.20131  0.95076  0.935908  0.836344
0  40  0.793  0.506676  1.36767  0.980278  1.07556  0.882289  0.930627  0.795867
0  45  0.81314  0.464488  1.34215  0.91403  1.07373  0.877514  0.941593  0.740356
0  50  0.729878  0.42456  1.20125  0.825855  0.86632  0.808306  0.837733  0.683159
0  55  0.478281  0.283448  0.902843  0.674741  0  0  0  0
5  -55  0.546916  0.956433  0.357392  0.298142  0.476214  0.451758  0.53122  1.11115
5  -50  0.789044  1.38634  0.529705  0.443488  0.622948  0.559324  0.776855  1.58076
5  -45  0.966428  1.3628  0.625004  0.530694  0.6943  0.627539  0.907436  1.55625
5  -40  1.06759  1.32219  0.64652  0.552794  0.73847  0.674327  1.07325  1.47601
5  -35  1.18355  1.41784  0.70333  0.610106  0.793964  0.705759  1.13403  1.4811
5  -30  1.21811  1.45202  0.726084  0.638029  0.792976  0.754574  1.13555  1.44795
5  -25  1.21283  1.41868  0.775634  0.681125  0.831767  0.782848  1.14505  1.42937
5  -20  1.2693  1.43038  0.839405  0.768944  0.91113  0.849563  1.13794  1.36368
5  -15  1.21531  1.31783  0.935714  0.793255  0.956782  0.854394  1.12634  1.34317
5  -10  1.18221  1.28872  1.0134  0.849644  1.01889  0.87919  1.11393  1.23816
5  -5  1.1074  1.17636  1.10525  0.828322  1.06895  0.93218  1.07408  1.16832
5  0  0.963446  1.06087  1.15144  0.927951  1.16578  0.958217  0.981814  1.08135
5  5  0.91879  1.03093  1.21974  1.0129  1.24557  1.04774  0.921618  1.03394
5  10  0.901625  0.941162  1.34529  1.09815  1.32373  1.07188  0.930614  0.957732
5  15  0.883496  0.854794  1.41976  1.10274  1.33922  1.06809  0.908879  0.925801
5  20  0.864369  0.791497  1.50702  1.11156  1.37995  1.05688  0.913221  0.909419
5  25  0.833362  0.665663  1.53809  1.0647  1.40832  1.02904  0.886331  0.8511
5  30  0.766504  0.619385  1.58046  1.00835  1.4242  0.963252  0.900107  0.834949
5  35  0.810771  0.578147  1.63693  0.909209  1.34041  0.831533  0.961056  0.852446
5  40  0.808544  0.478184  1.56565  0.735333  1.27756  0.706255  0.964432  0.7729
5  45  0.825256  0.462898  1.63282  0.644272  1.33372  0.636168  0.962143  0.747926
5  50  0.707852  0.398342  1.60686  0.481289  1.16295  0.556305  0.820235  0.661177
5  55  0.509282  0.318337  1.10159  0.428321  0  0  0  0
10  -55  0.439474  1.40394  0.418326  0.459618  0.732558  0.695406  0.557995  2.49192
10  -50  0.576027  1.42792  0.48284  0.423955  0.595801  0.562936  0.578509  1.61887
10  -45  0.750014  1.54653  0.594605  0.500002  0.704294  0.64763  0.744923  1.67188
10  -40  0.855672  1.43464  0.623889  0.524971  0.729294  0.695722  0.857642  1.60849
10  -35  1.01594  1.52442  0.723914  0.59988  0.775805  0.729897  0.969232  1.59772
10  -30  1.08852  1.54599  0.743677  0.646027  0.751841  0.738946  1.00486  1.61425
10  -25  1.06129  1.53863  0.808064  0.67162  0.815878  0.788558  1.02739  1.47953
10  -20  1.08596  1.44001  0.857674  0.712489  0.925677  0.846286  1.05938  1.47327
10  -15  1.05765  1.38103  0.942673  0.750262  0.962628  0.846649  1.03248  1.36608
10  -10  1.04602  1.39701  1.05334  0.784165  1.07316  0.891845  0.981928  1.30202
10  -5  1.05071  1.25904  1.18497  0.823828  1.16095  0.887549  0.995351  1.16429
10  0  0.964478  1.19785  1.21162  0.878397  1.2306  0.909784  0.926131  1.12464
10  5  0.902808  1.02356  1.33762  0.932639  1.33454  0.987214  0.921796  1.07868
10  10  0.874221  0.949555  1.4159  0.891321  1.3607  0.966423  0.89943  0.976933
10  15  0.82388  0.806859  1.55332  0.927897  1.48044  0.948336  0.928401  0.927908
10  20  0.844451  0.758614  1.6567  0.920432  1.46977  0.929656  0.923579  0.892297
10  25  0.810431  0.653815  1.66357  0.888789  1.5477  0.865504  0.936093  0.816176
10  30  0.8348  0.573002  1.7807  0.804845  1.54134  0.77983  0.957775  0.801239
10  35  0.822056  0.517351  1.90754  0.668621  1.52382  0.679275  0.980002  0.817127
10  40  0.786003  0.448641  1.8638  0.536208  1.5294  0.541239  0.959597  0.771939
10  45  0.777066  0.42603  1.89142  0.45305  1.49621  0.480703  0.923095  0.723352
10  50  0.638178  0.372703  1.76228  0.329833  1.19298  0.433937  0.779947  0.669759
10  55  0.691396  0.326451  1.47457  0.405982  0  0  0  0
15  -55  0.407745  1.38281  0.400476  0.333066  0.469056  0.356839  0.353299  1.37717
15  -50  0.457318  1.32739  0.466396  0.432517  0.575785  0.562822  0.510342  1.48397
15  -45  0.606756  1.64046  0.593813  0.508348  0.649304  0.624606  0.645491  1.71192
15  -40  0.702299  1.55841  0.635376  0.548681  0.720879  0.68687  0.756483  1.72279
15  -35  0.83064  1.55412  0.700141  0.569804  0.74062  0.714363  0.848291  1.66924
15  -30  0.943648  1.53725  0.733368  0.610362  0.767075  0.74743  0.898548  1.65602
15  -25  0.953107  1.51495  0.760678  0.63686  0.793722  0.776545  0.901476  1.60412
15  -20  0.984625  1.52153  0.881395  0.689032  0.860122  0.831426  0.941129  1.4831
15  -15  0.970197  1.39909  0.939198  0.713773  0.954545  0.819319  0.932745  1.38205
15  -10  0.959101  1.37329  1.07208  0.75961  1.055  0.839929  0.967507  1.28396
15  -5  0.989737  1.24875  1.19497  0.775076  1.18712  0.855769  0.954797  1.22897
15  0  0.876267  1.17563  1.27059  0.805047  1.26461  0.867524  0.920004  1.06865
15  5  0.893348  1.05822  1.38471  0.850021  1.31894  0.880185  0.911605  1.03391
15  10  0.862952  0.884375  1.47455  0.833577  1.37712  0.909898  0.904245  0.948819
15  15  0.81903  0.823678  1.64919  0.838775  1.54217  0.874916  0.919793  0.882658
15  20  0.828636  0.726956  1.73378  0.781582  1.61903  0.840229  0.939933  0.789133
15  25  0.817204  0.614718  1.73618  0.725042  1.61301  0.73201  0.92627  0.776017
15  30  0.835955  0.54639  1.85862  0.645361  1.65458  0.676786  0.934116  0.768357
15  35  0.82394  0.490276  1.93964  0.544291  1.64024  0.540549  0.968214  0.7729
15  40  0.730904  0.414662  1.95024  0.437551  1.53738  0.472503  0.945531  0.730391
15  45  0.736937  0.39102  1.95975  0.39473  1.60278  0.433569  0.895352  0.680792
15  50  0.559984  0.316071  1.57388  0.316204  1.26879  0.404007  0.770314  0.604276
15  55  0.695993  0.686738  1.46681  0.638893  0  0  0  0
20  -55  0.531707  1.65647  0.51281  0.592276  0.460527  0.470248  0.418317  1.4786
20  -50  0.339325  1.28941  0.457242  0.386903  0.562647  0.527142  0.437417  1.33469
20  -45  0.518647  1.68928  0.554629  0.501204  0.64132  0.631989  0.590096  1.77263
20  -40  0.631421  1.68834  0.63346  0.540706  0.679125  0.672919  0.681454  1.72332
20  -35  0.741388  1.6833  0.7148  0.57557  0.731729  0.733387  0.759304  1.68138
20  -30  0.826869  1.59984  0.700501  0.62894  0.720473  0.753456  0.821288  1.66227
20  -25  0.860552  1.58645  0.755745  0.648656  0.768963  0.784273  0.862755  1.6496
20  -20  0.89649  1.62958  0.852467  0.678231  0.867548  0.831995  0.896161  1.52287
20  -15  0.906135  1.53645  0.960854  0.675732  0.9513  0.810564  0.882204  1.46911
20  -10  0.921797  1.45098  1.0694  0.701696  1.10147  0.837458  0.914567  1.37252
20  -5  0.937054  1.32633  1.25578  0.730843  1.22633  0.842175  0.900433  1.22106
20  0  0.889651  1.14275  1.3367  0.738997  1.29426  0.836462  0.908569  1.08719
20  5  0.870618  1.03163  1.51673  0.769447  1.40192  0.847936  0.914113  1.05605
20  10  0.805114  0.873913  1.66181  0.73778  1.53011  0.83545  0.92209  0.940422
20  15  0.818803  0.772213  1.67758  0.728848  1.62794  0.789152  0.941594  0.864066
20  20  0.83984  0.673975  1.82734  0.707733  1.73681  0.733492  0.956394  0.810403
20  25  0.815269  0.553098  1.98225  0.610437  1.69693  0.669412  0.9681  0.720362
20  30  0.837455  0.474268  1.93017  0.508155  1.76116  0.571528  0.989248  0.723176
20  35  0.814689  0.42202  2.07366  0.447298  1.69653  0.498446  0.972894  0.761887
20  40  0.733213  0.396921  2.02305  0.392454  1.64383  0.442868  0.918878  0.694721
20  45  0.665866  0.362207  1.90636  0.37068  1.62328  0.408555  0.902327  0.663749
20  50  0.562006  0.34069  1.35559  0.325215  1.17904  0.406416  0.77932  0.483009
20  55  0.824345  0.74136  2.50768  0.490966  0  0  0  0
25  -55  2.86661  3.32401  3.58152  2.47914  0  0  0  0
25  -50  0.430063  1.32312  0.446974  0.449933  0.595154  0.612613  0.49814  1.47049
25  -45  0.432095  1.58789  0.495817  0.45103  0.551211  0.617818  0.530982  1.57408
25  -40  0.529855  1.6423  0.55951  0.495168  0.638805  0.666692  0.61175  1.66506
25  -35  0.610111  1.68092  0.68296  0.56115  0.661294  0.7246  0.710892  1.66761
25  -30  0.684674  1.60886  0.686073  0.58986  0.679571  0.761214  0.734259  1.61167
25  -25  0.759148  1.58215  0.730638  0.629344  0.726039  0.790084  0.781657  1.56898
25  -20  0.813172  1.56063  0.821216  0.625285  0.795741  0.806351  0.828353  1.52546
25  -15  0.789222  1.46953  0.891352  0.660818  0.933518  0.795578  0.818113  1.43088
25  -10  0.833034  1.35844  1.06665  0.663155  1.04745  0.819876  0.861395  1.26705
25  -5  0.846218  1.27176  1.24473  0.669185  1.19207  0.812551  0.864734  1.20857
25  0  0.819255  1.10274  1.38551  0.660177  1.31605  0.802371  0.877044  1.10514
25  5  0.823771  0.967991  1.57575  0.683775  1.36845  0.76423  0.878909  1.00907
25  10  0.825227  0.804883  1.713  0.659521  1.57355  0.743101  0.93186  0.874804
25  15  0.815821  0.684822  1.86556  0.593581  1.6542  0.719339  0.97153  0.76787
25  20  0.840617  0.573993  1.95118  0.583112  1.79159  0.641321  0.988386  0.725011
25  25  0.837699  0.471005  2.02374  0.490504  1.74621  0.57333  0.961494  0.661712
25  30  0.832593  0.423336  2.02152  0.423322  1.74078  0.512892  0.99567  0.688629
25  35  0.786053  0.405851  2.10204  0.408178  1.74375  0.489127  0.940417  0.702121
25  40  0.700126  0.345619  1.93785  0.355801  1.64971  0.448166  0.90336  0.655415
25  45  0.618353  0.312277  1.73284  0.31911  1.40373  0.404238  0.826897  0.622159
25  50  0.916041  0.381774  2.00684  1.19351  1.96659  0.608901  0.972364  0.885371
25  55  0.168381  0.116292  0.392063  0.0467587  0  0  0  0
30  -55  0  0  0  0  3.58637  1.62457  0  2.21008
30  -50  0.299574  1.36966  0.422614  0.363159  0.614934  0.676556  0.729434  1.89123
30  -45  0.366023  1.05952  0.447114  0.408325  0.510577  0.530688  0.480774  1.19759
30  -40  0.463595  1.55027  0.539771  0.489924  0.573654  0.654437  0.573458  1.56435
30  -35  0.577659  1.65428  0.665199  0.530066  0.633989  0.719017  0.660446  1.62785
30  -30  0.642536  1.5866  0.638706  0.575845  0.638529  0.749549  0.718522  1.55375
30  -25  0.694641  1.58446  0.65666  0.614421  0.6721  0.789839  0.762502  1.43246
30  -20  0.758742  1.49697  0.764417  0.614158  0.747797  0.785024  0.792233  1.35326
30  -15  0.756953  1.44984  0.910382  0.65022  0.831544  0.786089  0.809762  1.31796
30  -10  0.781466  1.3522  1.0543  0.621596  1.00416  0.759046  0.857545  1.2789
30  -5  0.810283  1.22032  1.23336  0.594687  1.16979  0.791954  0.868239  1.14126
30  0  0.789283  1.05725  1.39431  0.61674  1.3201  0.750391  0.862598  1.01663
30  5  0.835072  0.901897  1.60462  0.627536  1.46397  0.73506  0.910192  0.928376
30  10  0.823108  0.724796  1.73584  0.587966  1.59561  0.7195  0.960769  0.812304
30  15  0.825681  0.598098  1.81468  0.545882  1.59856  0.674314  0.990817  0.760667
30  20  0.835663  0.497975  1.9362  0.49846  1.82846  0.614013  1.02523  0.670728
30  25  0.82255  0.425225  2.08775  0.436746  1.76624  0.547996  0.985009  0.635314
30  30  0.78265  0.374615  2.04045  0.406129  1.76223  0.519202  0.970453  0.634911
30  35  0.725068  0.359581  2.07048  0.383293  1.73118  0.473371  0.939895  0.648569
30  40  0.622196  0.311087  1.76507  0.324897  1.45289  0.421031  0.900408  0.609663
30  45  0.522475  0.281089  1.50888  0.317106  1.21509  0.380957  0.77646  0.546666
30  50  0.925994  0.436094  2.53976  0.47538  3.24299  4.40179  0.901382  3.53706
30  55  1.09241  0.387639  2.73935  0.827628  0  0  0  0
35  -55  3.48022  1.48272  1.06926  5.70923  0.175054  0.160091  0.342552  0.415757
35  -50  4.38721  4.96017  3.57609  4.69925  0.381529  0.413451  0.544053  1.45984
35  -45  0.567512  1.63124  0.963356  0.744502  0.487622  0.619673  0.530541  1.48765
35  -40  0.382765  1.18235  0.483437  0.403883  0.490679  0.57338  0.581155  1.06162
35  -35  0.502642  1.4715  0.578321  0.493493  0.577436  0.652397  0.645681  1.47689
35  -30  0.582854  1.52352  0.629203  0.566979  0.591983  0.731944  0.728899  1.51241
35  -25  0.63509  1.50342  0.635093  0.585938  0.608668  0.763493  0.771056  1.40061
35  -20  0.723319  1.46935  0.694518  0.607837  0.683558  0.794299  0.830863  1.3747
35  -15  0.716804  1.4282  0.777997  0.595848  0.76515  0.757488  0.839488  1.21309
35  -10  0.762607  1.36617  0.965744  0.584628  0.902049  0.751133  0.872243  1.16923
35  -5  0.815861  1.14713  1.17661  0.555656  1.0819  0.740539  0.910545  1.06024
35  0  0.811375  0.9728  1.372  0.559514  1.25917  0.727731  0.941031  0.943868
35  5  0.824286  0.804434  1.63243  0.545125  1.41666  0.716962  0.97323  0.789964
35  10  0.819305  0.581701  1.73782  0.533784  1.58012  0.687499  1.02513  0.682536
35  15  0.816999  0.466681  1.92685  0.484665  1.64033  0.635734  1.01165  0.617575
35  20  0.819538  0.397361  2.00347  0.443357  1.75296  0.599558  1.00618  0.577243
35  25  0.760117  0.37733  1.98159  0.408161  1.78895  0.563605  0.987495  0.594989
35  30  0.718898  0.329652  2.04744  0.363112  1.79518  0.511051  0.931175  0.633806
35  35  0.672447  0.30594  2.01732  0.334438  1.56709  0.467798  0.893951  0.594953
35  40  0.528987  0.261836  1.38613  0.288404  1.28573  0.414286  0.837698  0.532554
35  45  0.739896  0.414147  2.21278  0.625008  2.04347  0.652158  1.05075  0.761367
35  50  2.29639  1.3632  2.64431  1.67552  2.39465  1.66216  2.21853  2.06003
35  55  0  0  0  0  0  0  0  0
40  -55  0  0  0  0  3.03278  1.07609  1.79336  1.11598
40  -50  0  0.528158  -0.0152752  0  0  0  0  0
40  -45  0.139457  0.319802  0.346238  0.247821  0.166077  1.12342  1.03572  0.184434
40  -40  0.372067  1.06628  0.889356  0.327979  0.501104  0.498833  0.588096  1.22626
40  -35  0.408595  1.16286  0.54087  0.451384  0.501075  0.596108  0.631941  1.08182
40  -30  0.52284  1.29442  0.545863  0.501468  0.544278  0.66452  0.702145  1.26476
40  -25  0.616039  1.33159  0.574669  0.553437  0.543888  0.714385  0.769851  1.26661
40  -20  0.722066  1.32222  0.593259  0.574431  0.610409  0.738568  0.842845  1.15986
40  -15  0.736992  1.28561  0.654874  0.557945  0.674271  0.706336  0.849642  1.11798
40  -10  0.77255  1.2426  0.825553  0.548366  0.79116  0.6722  0.889062  1.01652
40  -5  0.779737  1.06832  1.0722  0.507105  1.00048  0.686166  0.938367  0.915054
40  0  0.808743  0.847699  1.29212  0.50255  1.19557  0.674385  0.983098  0.792515
40  5  0.823101  0.635153  1.51354  0.499419  1.44322  0.668999  1.00181  0.701903
40  10  0.783348  0.462003  1.67071  0.472495  1.55839  0.62119  1.02453  0.615473
40  15  0.778192  0.378519  1.8337  0.425837  1.62291  0.584156  0.994518  0.561932
40  20  0.746938  0.3523  1.95934  0.41236  1.73133  0.547097  0.96438  0.571845
40  25  0.694241  0.30594  1.929  0.381016  1.62726  0.525504  0.903272  0.539645
40  30  0.630936  0.278596  1.68685  0.325596  1.55418  0.479045  0.876334  0.556161
40  35  0.513167  0.256712  1.51144  0.305495  1.19711  0.417353  0.816875  0.5007
40  40  0.750868  0.39733  1.77146  0.430472  1.05026  0.405454  0.634389  0.520677
40  45  0  0  0  0  3.36643  3.04033  5.3156  2.5008
40  50  1.24891  1.17261  3.06522  0.598511  0  0  0  0
40  55  1.06297  0.799506  4.51637  0.762166  0  0  0  0
45  -55  0  0  0  0  1.12962  1.04407  0.225681  0.692929
45  -50  0.498946  1.66846  0.633072  0.462911  4.40778  4.20133  0.205531  3.6918
45  -45  1.21792  2.15624  0  0.860359  0  0  0  0
45  -40  1.45965  2.06418  1.35949  0.893091  3.83174  1.98373  2.8546  2.48308
45  -35  0.649037  1.98132  2.21151  0.676807  0.485907  0.55531  0.643114  1.16887
45  -30  0.45705  0.780737  0.466666  0.423506  0.465086  0.585693  0.667198  1.0983
45  -25  0.601368  1.08649  0.492224  0.49243  0.496894  0.623756  0.756301  1.0508
45  -20  0.698293  1.25698  0.526538  0.524301  0.541322  0.695527  0.83265  1.07408
45  -15  0.748676  1.2563  0.571882  0.532797  0.610674  0.68624  0.864559  1.04762
45  -10  0.794509  1.23845  0.696752  0.514539  0.725628  0.681435  0.930947  0.979892
45  -5  0.807617  1.1292  0.980047  0.476654  0.990486  0.629126  0.979409  0.85288
45  0  0.762846  0.841656  1.2781  0.451016  1.16523  0.630843  0.979747  0.725185
45  5  0.765851  0.577648  1.50446  0.467393  1.44729  0.603491  0.973077  0.628455
45  10  0.757282  0.375381  1.72295  0.426627  1.63604  0.579975  0.968573  0.536524
45  15  0.681828  0.338732  1.76608  0.41136  1.6397  0.532107  0.9077  0.528773
45  20  0.67331  0.311258  1.80641  0.384742  1.64996  0.529628  0.882023  0.530838
45  25  0.617905  0.256179  1.6449  0.326564  1.53058  0.461298  0.858805  0.52009
45  30  0.548871  0.245806  1.54595  0.300743  1.06987  0.433899  0.76892  0.514868
45  35  1.18099  0.476069  3.70424  1.33607  1.54357  0.479308  0.936458  0.690845
45  40  0.736952  0.528158  1.02751  0.548947  3.142  1.80833  3.19984  2.83528
45  45  1.74476  0.915798  4.35343  0.902442  1.01217  0.33271  0.489648  0.373556
45  50  0.0836742  -0.0145365  3.43692  0.0233793  0.213955  0.0904859  0.124931  0.21361
45  55  2.9069  2.27253  3.386  3.96513  0  0  0  0
50  -55  0.604313  1.17503  0.496444  0.481614  8.69436  6.85327  6.72611  6.13633
50  -50  1.71377  5.24767  2.02142  1.58512  0.21994  0.0793492  0.511813  0.740861
50  -45  0.0774761  0.155056  -0.0254587  0  0.339635  0.254753  0.296878  0.7617
50  -40  0.895623  2.13686  0.789218  1.14559  0  0  0  0
50  -35  0.482831  1.0379  0.740338  0.563442  0.112214  0.121112  0.106124  0.294885
50  -30  0.823312  1.01109  1.30043  0.551752  0.533542  0.621622  0.686985  1.2112
50  -25  0.484563  0.770722  0.757783  0.905715  0.626846  0.589632  0.822587  1.57237
50  -20  0.543963  0.922677  0.382956  0.406963  0.449777  0.529384  0.764162  0.612452
50  -15  0.576408  1.00977  0.38456  0.415087  0.483754  0.611662  0.761632  0.850842
50  -10  0.688199  1.16824  0.507956  0.435992  0.550857  0.586273  0.826603  0.877348
50  -5  0.673026  1.13306  0.764562  0.412086  0.761989  0.573133  0.887647  0.766211
50  0  0.651419  0.744566  1.03079  0.399153  1.03237  0.551487  0.865602  0.625053
50  5  0.657367  0.409432  1.42878  0.378802  1.2432  0.532473  0.830126  0.537995
50  10  0.624607  0.290133  1.53264  0.375805  1.35002  0.490188  0.8094  0.488363
50  15  0.554328  0.257055  1.321  0.341352  1.28666  0.459949  0.748798  0.453392
50  20  0.52634  0.280562  1.42398  0.347573  1.18834  0.396857  0.687264  0.440441
50  25  0.574052  0.270655  1.61249  0.260397  1.42374  0.394899  0.871184  0.486373
50  30  2.18978  1.82675  3.61818  2.21917  1.96792  0.559024  1.17043  1.05167
50  35  0.598115  0.266502  2.02142  0.35069  0  0  0  0
50  40  1.75406  7.28277  1.52243  1.4729  0  0  0  0
50  45  0.104334  0.159901  0.554999  0.095076  4.27312  1.70601  2.37167  2.16006
50  50  0  0  0  0  4.13397  2.68256  4.39676  3.53967
50  55  0.170447  0.0969098  5.21903  0.130924  0  0  0  0
55  -55  0  0  0  0  0  0  0  0
55  -50  6.12681  2.81523  3.73224  9.09456  0  0  0  0
55  -45  0  0  0  0  0  0  0  0
55  -40  0  0  0  0  0  0  0  0
55  -35  0  0  0  0  0  0  0  0
55  -30  1.73236  3.09627  1.17619  1.43549  0  0  0  0
55  -25  1.11049  1.20653  1.22032  0.883739  0  0  0  0
55  -20  6.1392  0  10.0765  9.09456  0.289962  0.456884  0.553725  0.647081
55  -15  0.887359  1.45849  0.487109  0.503435  0.588901  0.693726  0.7612  0.809265
55  -10  0.768726  1.26505  0.347935  0.611042  0.512642  0.530226  0.783408  1.34239
55  -5  0.778764  0.854554  0.39972  0.41813  0.442928  0.396626  0.621461  0.540922
55  0  0.514958  0.619721  0.9962  0.397132  0.975453  0.37876  0.566153  0.414671
55  5  0.526022  0.241582  1.00947  0.454301  0.889453  0.386851  0.59041  0.458489
55  10  0.55173  0.348435  1.66958  0.399007  1.07389  0.490712  0.791765  0.303304
55  15  1.16568  0.116292  2.29055  1.49427  0.93673  0.354341  0.552733  0.501201
55  20  2.27986  0.159901  3.33508  1.94282  0  0.0960543  0.197471  0.146922
55  25  0  0  0  0  0  0  0  0
55  30  0  0  0  0  0  0  0  0
55  35  0  0  0  0  0  0  0  0
55  40  0  0  0  0  0  0  0  0
55  45  0  0  0  0  0  0  0  0
55  50  0  0  0  0  0  0  0  0
55  55  0  0  0  0  0  0  0  0
