-55  -55  0.127688  0.19474  0.177241  0.307435  0.625894  0.789313  3.91504  1.65224
-55  -50  3.73848  1.06653  0.625144  0.583075  1.45654  1.48062  2.34156  1.65655
-55  -45  3.24381  1.63278  0.942234  4.83052  0.209861  0.52738  0.243802  0.203223
-55  -40  1.32547  0.885046  0.895819  0.93571  1.86057  2.58982  2.02387  1.19959
-55  -35  1.8826  4.29889  4.83445  4.5186  1.86057  2.58982  2.02387  1.19959
-55  -30  0.857165  0.75041  0.812718  3.66882  1.86057  2.58982  2.02387  1.19959
-55  -25  2.66456  0.898652  1.21862  0.93571  0.579354  0.373126  1.21256  0.416943
-55  -20  2.82053  0.646397  1.24593  4.5  0.682646  0.149301  1.24541  0.46425
-55  -15  2.2158  1.01567  1.19765  1.47613  1.66218  0.694901  2.4399  1.3032
-55  -10  1.67576  0.704495  0.687325  0.918312  0.820968  0.513672  1.51092  0.711755
-55  -5  1.54022  0.441027  0.617959  1.26735  0.733051  0.556579  1.15072  0.874804
-55  0  1.17591  0.412883  0.634922  1.1191  0.605933  1.2003  0.836982  0.653905
-55  5  0.815525  0.670835  0.465877  1.98735  0.574696  1.47618  0.608668  0.671718
-55  10  0.663257  0.574309  0.534891  2.08295  0.878961  1.79591  0.835866  1.21376
-55  15  0.869391  1.00116  1.16437  2.59499  2.94358  4.37239  1.09587  1.05898
-55  20  0.386067  1.00566  0.403064  0.93571  2.27896  3.73434  3.26469  1.64517
-55  25  1.75306  0.96554  2.37041  4.70559  0.996002  2.34332  0.876462  1.21574
-55  30  1.47818  0.96554  0.965547  2.50891  1.86057  2.58982  2.02387  1.19959
-55  35  0.614623  0.96554  4.67315  0.93571  0.92734  2.41632  1.10883  1.27261
-55  40  0.758833  0.29579  0.296831  1.13324  0.134219  0.207703  0.185059  0.158292
-55  45  0.563506  1.12987  1.27617  2.45734  1.86057  2.58982  2.02387  1.19959
-55  50  1.94255  0.493698  0.698442  0.93571  1.86057  2.58982  2.02387  1.19959
-55  55  3.81802  1.55583  0.738132  4.86078  1.86057  2.58982  2.02387  1.19959
-50  -55  3.70732  2.22387  0.965547  2.83399  0.185587  0.20269  0.479387  0.133537
-50  -50  3.58618  0.90063  0.965547  5.33984  0.253338  0.354241  0.437755  0.1
-50  -45  3.70322  3.47668  2.0623  1.38331  0.160994  0.188494  0.297883  0.107849
-50  -40  3.32666  2.49193  0.965547  5.83073  0.412368  0.248981  0.938175  0.183519
-50  -35  3.4596  1.12926  1.8852  5.85561  0.159629  0.2987  0.229993  0.16461
-50  -30  2.91078  3.24017  1.784  7.8727  0.543951  4.48422  0.811476  0.480978
-50  -25  1.75911  0.515958  0.916345  0.847498  1.08171  0.457227  1.89535  0.597269
-50  -20  1.53255  0.371325  0.50352  0.412616  0.657031  0.379516  1.36871  0.584182
-50  -15  1.53573  0.346712  0.478072  0.430411  0.678784  0.35531  1.28696  0.572645
-50  -10  1.498  0.412895  0.487816  0.591794  0.678773  0.435293  1.27311  0.632047
-50  -5  1.32188  0.435185  0.511904  0.849201  0.667891  0.640216  1.20475  0.665561
-50  0  1.05924  0.445378  0.515096  1.19082  0.626574  0.968482  0.914487  0.686952
-50  5  0.770122  0.460902  0.494291  1.47573  0.606626  1.26794  0.702177  0.704195
-50  10  0.592288  0.640825  0.492095  1.72013  0.589307  1.39669  0.557216  0.645597
-50  15  0.480646  0.453162  0.460585  1.78135  0.570086  1.3902  0.548178  0.615413
-50  20  0.427645  0.496148  0.462065  1.86441  0.585487  1.37067  0.566448  0.702292
-50  25  0.506701  0.5752  0.546852  1.99517  0.962457  2.96922  0.887991  0.8431
-50  30  1.62497  1.7815  1.60892  3.30314  1.19288  2.29181  2.85913  2.50072
-50  35  3.2431  3.76938  2.80041  4.7988  0.96501  2.11902  1.32507  1.22374
-50  40  0.801896  1.98082  0.965547  5.3844  1.93426  1.36847  3.93682  1.41309
-50  45  1.01877  2.10821  2.10763  4.20174  1.35308  2.83574  1.59787  1.49517
-50  50  2.9951  3.32038  2.87217  2.64323  0.153649  4.44772  3.9363  1.63995
-50  55  1.1814  1.48673  1.43672  3.98175  1.29682  2.56697  2.6688  1.64917
-45  -55  3.70815  0.96554  2.64539  1.70495  0.282975  0.192434  0.159033  0.270543
-45  -50  3.7007  0.927487  0.965547  0.93571  3.32547  3.437  7.42883  1.65562
-45  -45  4.07166  1.82471  4.02413  4.43361  0.674597  0.489991  1.39301  0.413649
-45  -40  3.51675  4.21325  5.35748  0.1  0.287735  0.262534  0.452702  0.480978
-45  -35  2.32191  1.76037  1.82843  3.12346  1.13197  0.973254  2.57428  1.06783
-45  -30  1.69219  0.282724  0.589804  0.442142  0.636262  0.348221  1.62804  0.487699
-45  -25  1.74264  0.373646  0.501345  0.400045  0.671422  0.357099  1.5705  0.529614
-45  -20  1.71965  0.433703  0.50534  0.468238  0.74238  0.408078  1.59876  0.587005
-45  -15  1.69336  0.460309  0.53706  0.579934  0.773607  0.455128  1.48793  0.627907
-45  -10  1.60895  0.491997  0.546796  0.734245  0.753316  0.596818  1.40819  0.648811
-45  -5  1.41949  0.494624  0.560477  0.993009  0.743679  0.814672  1.2858  0.721151
-45  0  1.17482  0.533464  0.561478  1.28103  0.726739  1.06729  1.09327  0.767298
-45  5  0.938385  0.508612  0.557574  1.51946  0.718914  1.281  0.877832  0.793818
-45  10  0.758285  0.522824  0.590194  1.79605  0.717753  1.4806  0.704433  0.799809
-45  15  0.598072  0.53947  0.560481  1.87741  0.69271  1.55506  0.660846  0.781367
-45  20  0.494922  0.489284  0.516817  1.83188  0.645363  1.49282  0.622279  0.758917
-45  25  0.453805  0.480205  0.517695  1.79381  0.587366  1.30797  0.617679  0.730014
-45  30  0.488824  0.536834  0.422382  1.73631  0.539408  1.22367  0.650927  0.724691
-45  35  0.470033  1.875  2.23679  3.11238  1.14627  2.0434  1.19797  0.915367
-45  40  2.71905  2.77158  3.64441  3.98251  2.57933  4.38844  2.8275  0.480978
-45  45  0.386067  0.601663  2.74454  1.85088  0.307633  0.587075  0.406555  0.266109
-45  50  3.21294  3.50538  4.96851  4.03845  0.185587  0.223144  0.16504  0.1
-45  55  1.90362  2.05186  0.801617  3.9242  0.134482  0.370829  0.155326  0.136067
-40  -55  3.84144  4.46677  5.66692  6.44853  0.745999  0.563751  2.09003  0.608042
-40  -50  4.37241  2.55846  1.3823  5.24333  1.41172  3.17088  3.62565  1.64917
-40  -45  3.55212  3.34392  1.37675  6.8228  0.909447  1.03338  2.94905  0.480978
-40  -40  2.23744  0.583331  1.04912  0.849171  0.955072  1.44255  2.19147  0.628483
-40  -35  1.70534  0.317722  0.454898  0.360365  0.69398  0.379882  1.75299  0.471206
-40  -30  1.85267  0.351857  0.510735  0.421576  0.686309  0.374  1.7168  0.503513
-40  -25  1.88784  0.425243  0.552773  0.483679  0.729736  0.423383  1.65874  0.558039
-40  -20  1.79332  0.45487  0.561655  0.549523  0.770829  0.48291  1.61809  0.620094
-40  -15  1.73484  0.503727  0.568616  0.683832  0.783517  0.566674  1.53004  0.642817
-40  -10  1.59786  0.485971  0.570466  0.851981  0.782409  0.702607  1.45638  0.680511
-40  -5  1.41532  0.55192  0.589017  1.05394  0.777139  0.862359  1.3311  0.71693
-40  0  1.24257  0.583938  0.605101  1.28985  0.769681  1.04201  1.14525  0.750022
-40  5  1.03336  0.512658  0.613279  1.4437  0.76333  1.23722  0.966102  0.795076
-40  10  0.869682  0.560876  0.620093  1.66895  0.745733  1.4074  0.802615  0.818461
-40  15  0.71918  0.563741  0.609963  1.7725  0.714848  1.4881  0.691719  0.823228
-40  20  0.588249  0.538047  0.593345  1.84861  0.674943  1.48676  0.649164  0.813455
-40  25  0.545718  0.519684  0.574713  1.84564  0.63432  1.41115  0.678168  0.807866
-40  30  0.471354  0.531977  0.525281  1.78046  0.583178  1.27796  0.684918  0.755741
-40  35  0.443866  0.530998  0.557645  1.57632  0.54036  1.29011  0.695917  0.715487
-40  40  0.964963  0.861656  0.862669  2.39842  0.670144  2.29988  0.825151  0.843708
-40  45  2.03349  3.73695  2.73615  2.67612  2.75096  1.25628  1.94533  1.89548
-40  50  3.88913  1.58714  1.63466  7.80478  1.98718  3.97948  5.52494  3.37022
-40  55  1.14239  0.890439  0.870955  4.30452  3.25396  2.36598  5.19972  1.38512
-35  -55  2.97866  0.96554  0.965547  0.93571  0.135425  2.70766  0.177511  0.1
-35  -50  3.35327  5.13189  0.1  0.1  1.06799  1.0384  2.76215  0.480978
-35  -45  2.62514  1.9777  0.1  3.53855  4.25257  0.958495  2.99743  0.740685
-35  -40  1.84565  0.297191  0.486777  0.420823  0.670899  0.389242  1.68731  0.417375
-35  -35  1.8985  0.364791  0.490057  0.425366  0.68186  0.419886  1.79553  0.489244
-35  -30  1.98046  0.420029  0.540156  0.48195  0.724398  0.448232  1.75748  0.556773
-35  -25  1.88994  0.432258  0.555283  0.560664  0.766756  0.488494  1.69886  0.612662
-35  -20  1.80338  0.532056  0.571143  0.658216  0.785209  0.563149  1.65148  0.665023
-35  -15  1.72103  0.596536  0.591492  0.788954  0.800255  0.666902  1.56298  0.683451
-35  -10  1.57592  0.598001  0.587794  0.918832  0.789854  0.795725  1.46928  0.71627
-35  -5  1.42336  0.639637  0.622165  1.13177  0.801505  0.962303  1.34306  0.755249
-35  0  1.27724  0.584235  0.636768  1.31833  0.78808  1.11662  1.20226  0.762302
-35  5  1.10851  0.612527  0.632472  1.42883  0.781717  1.24994  1.04564  0.782726
-35  10  0.939076  0.599536  0.646458  1.59013  0.788415  1.39308  0.905921  0.83089
-35  15  0.804076  0.605491  0.638026  1.75409  0.743123  1.46835  0.773659  0.83674
-35  20  0.676512  0.600918  0.615078  1.75921  0.709326  1.47663  0.707958  0.851566
-35  25  0.60403  0.577378  0.611103  1.78998  0.655033  1.42082  0.692918  0.854964
-35  30  0.548623  0.550691  0.561719  1.76869  0.613056  1.38243  0.740233  0.829712
-35  35  0.507375  0.547399  0.499576  1.66832  0.558985  1.29714  0.746189  0.786762
-35  40  0.510711  0.529736  0.474215  1.62683  0.508455  1.19449  0.732986  0.728613
-35  45  1.23418  1.49673  1.5101  2.59153  0.580072  1.54432  0.932116  0.895381
-35  50  2.7234  2.0518  6.0853  6.04527  0.184085  0.314762  0.268389  0.149938
-35  55  3.7508  3.80784  0.965547  7.52438  0.392144  1.00688  0.43169  0.32618
-30  -55  3.80521  4.21959  0.1  5.37391  0.546976  0.538097  1.31989  0.35823
-30  -50  0.1  3.54878  5.19983  6.60539  1.25508  1.01359  3.50626  0.988089
-30  -45  1.95957  0.317276  0.578711  0.449346  0.661989  0.414311  1.75116  0.420472
-30  -40  1.96565  0.288894  0.518568  0.42942  0.668083  0.426992  1.73831  0.455042
-30  -35  1.96396  0.400328  0.530691  0.478345  0.709225  0.467695  1.81422  0.543241
-30  -30  1.94902  0.478301  0.549598  0.561863  0.759256  0.519776  1.75337  0.613193
-30  -25  1.92207  0.542744  0.584366  0.632585  0.777959  0.567764  1.7036  0.681788
-30  -20  1.81645  0.59978  0.590991  0.726315  0.79874  0.666318  1.62603  0.708046
-30  -15  1.69658  0.640917  0.618903  0.8619  0.801555  0.780739  1.5526  0.733076
-30  -10  1.587  0.66089  0.632629  0.994105  0.785332  0.918319  1.46686  0.752783
-30  -5  1.44346  0.670273  0.65065  1.17377  0.784448  1.05309  1.35271  0.779707
-30  0  1.32568  0.674787  0.671507  1.33385  0.78638  1.14882  1.20693  0.764146
-30  5  1.14611  0.656313  0.671045  1.43885  0.783161  1.29972  1.09139  0.792005
-30  10  1.02176  0.660792  0.675397  1.62653  0.758315  1.41624  0.957576  0.810363
-30  15  0.879614  0.641884  0.671386  1.71633  0.746884  1.48863  0.841248  0.842699
-30  20  0.76254  0.62473  0.646304  1.75598  0.697341  1.49655  0.757739  0.868137
-30  25  0.682202  0.608909  0.615193  1.75711  0.64961  1.46987  0.726779  0.872354
-30  30  0.609493  0.597742  0.592928  1.80994  0.615338  1.40736  0.763753  0.869543
-30  35  0.573575  0.563177  0.522255  1.69573  0.577087  1.31009  0.793574  0.81681
-30  40  0.566752  0.527734  0.475325  1.60974  0.524522  1.22826  0.781264  0.783798
-30  45  0.621806  0.648429  0.585109  1.60209  0.496931  1.14239  0.822305  0.744669
-30  50  1.13647  4.97681  3.83872  4.81497  0.935367  1.64036  1.12351  0.982626
-30  55  1.98077  1.09531  2.04193  4.74349  2.52116  0.969736  3.92852  1.64948
-25  -55  2.58295  5.30216  2.08884  6.04706  0.497404  2.52715  3.14178  1.52437
-25  -50  2.25736  1.26277  1.51684  1.70927  0.701911  0.48276  1.9129  0.402263
-25  -45  1.91247  0.288147  0.464371  0.411548  0.640756  0.445581  1.69275  0.438197
-25  -40  1.96941  0.344047  0.524396  0.477278  0.697901  0.472283  1.80093  0.510571
-25  -35  1.93598  0.468495  0.546762  0.527142  0.728428  0.54291  1.74184  0.605573
-25  -30  1.95828  0.565445  0.582665  0.607132  0.761572  0.589672  1.70784  0.683011
-25  -25  1.85151  0.574442  0.607169  0.681404  0.778091  0.651313  1.61958  0.716432
-25  -20  1.76177  0.675347  0.610367  0.776207  0.786744  0.761672  1.60657  0.764361
-25  -15  1.67347  0.7359  0.647638  0.928754  0.793994  0.855607  1.51162  0.789162
-25  -10  1.53617  0.751378  0.663013  1.01538  0.815338  0.98627  1.43579  0.79903
-25  -5  1.4233  0.743828  0.690245  1.15112  0.798095  1.08019  1.31413  0.824465
-25  0  1.28667  0.731664  0.720339  1.29767  0.806037  1.20437  1.21497  0.830158
-25  5  1.15085  0.717642  0.724346  1.42159  0.805434  1.30924  1.10302  0.815792
-25  10  1.04017  0.708694  0.72612  1.54943  0.781967  1.4262  1.0007  0.836723
-25  15  0.920915  0.680933  0.72741  1.6466  0.776503  1.50055  0.894534  0.850547
-25  20  0.805389  0.601192  0.695138  1.7039  0.71771  1.5059  0.794335  0.872152
-25  25  0.736173  0.646281  0.696128  1.78109  0.67701  1.4844  0.766823  0.900926
-25  30  0.673028  0.621866  0.631365  1.76565  0.618015  1.39703  0.776216  0.885963
-25  35  0.618592  0.582158  0.565539  1.67487  0.580124  1.32095  0.824667  0.844622
-25  40  0.629  0.560133  0.523968  1.64889  0.541763  1.25268  0.836239  0.807241
-25  45  0.56794  0.49647  0.457142  1.46648  0.484689  1.11907  0.798184  0.741837
-25  50  0.861834  0.908176  1.62059  1.94997  0.44721  1.34186  1.135  0.863645
-25  55  3.34938  2.72697  2.95669  5.3895  2.86157  3.11295  5.5947  3.15691
-20  -55  3.26427  5.45586  0.1  0.1  2.23527  0.603248  4.99278  0.52134
-20  -50  1.64666  0.308934  0.569071  0.438637  0.593215  0.473064  1.56706  0.437045
-20  -45  1.90957  0.367537  0.524823  0.459022  0.654238  0.487065  1.7225  0.49374
-20  -40  1.89687  0.493616  0.55771  0.504328  0.710962  0.537711  1.74438  0.593822
-20  -35  1.88703  0.528552  0.571731  0.564914  0.745017  0.589992  1.68565  0.692774
-20  -30  1.87896  0.666885  0.598591  0.631579  0.766041  0.650665  1.65758  0.769985
-20  -25  1.82274  0.755859  0.636744  0.729059  0.779324  0.713928  1.61416  0.810066
-20  -20  1.71711  0.799145  0.639885  0.828892  0.797992  0.808393  1.54861  0.84163
-20  -15  1.58938  0.811584  0.664233  0.914915  0.807258  0.880256  1.45477  0.841994
-20  -10  1.46545  0.821323  0.678016  1.02973  0.822839  1.00359  1.38746  0.879405
-20  -5  1.37662  0.816884  0.722894  1.15543  0.823397  1.1036  1.3087  0.884256
-20  0  1.26651  0.789515  0.754908  1.29913  0.836823  1.20621  1.19734  0.851148
-20  5  1.12387  0.76103  0.763377  1.34469  0.844688  1.30852  1.09382  0.858673
-20  10  1.03668  0.746625  0.816064  1.48833  0.857479  1.40731  0.993961  0.877361
-20  15  0.935736  0.729171  0.801323  1.58435  0.827259  1.46369  0.905888  0.854021
-20  20  0.834031  0.679718  0.762204  1.61442  0.783876  1.49095  0.819213  0.881089
-20  25  0.761862  0.656193  0.753595  1.7164  0.752393  1.46732  0.78134  0.884786
-20  30  0.694833  0.628776  0.707615  1.72458  0.659647  1.40097  0.780782  0.89093
-20  35  0.664277  0.596005  0.617494  1.67558  0.586588  1.32462  0.854858  0.850276
-20  40  0.653201  0.572381  0.556776  1.61744  0.552477  1.24585  0.87719  0.822798
-20  45  0.616622  0.53446  0.488705  1.50874  0.504261  1.16791  0.851081  0.764171
-20  50  0.595775  0.586025  0.559737  1.50287  0.472235  1.02835  0.788497  0.695948
-20  55  3.02888  1.77678  4.0949  6.10026  1.29913  1.0384  0.811476  0.480978
-15  -55  3.16782  3.52324  2.19692  2.75791  1.47744  1.17463  1.69986  0.544395
-15  -50  1.72978  0.360476  0.501702  0.431889  0.594522  0.489227  1.5145  0.488293
-15  -45  1.83912  0.482742  0.542237  0.497934  0.658982  0.527971  1.6729  0.604609
-15  -40  1.8122  0.586191  0.563363  0.524043  0.722576  0.578336  1.67346  0.695592
-15  -35  1.80576  0.725016  0.586646  0.588559  0.745819  0.634931  1.62462  0.794659
-15  -30  1.76655  0.795802  0.609547  0.665432  0.764677  0.677876  1.59586  0.878474
-15  -25  1.70027  0.864161  0.653194  0.757909  0.769777  0.7548  1.53273  0.912089
-15  -20  1.60891  0.885351  0.680006  0.849727  0.804723  0.837167  1.47579  0.938128
-15  -15  1.54933  0.905793  0.699708  0.903082  0.818643  0.922585  1.39299  0.93678
-15  -10  1.42828  0.9183  0.720025  1.00834  0.828487  0.999776  1.32358  0.936755
-15  -5  1.3336  0.891809  0.765593  1.11643  0.850915  1.11234  1.25742  0.928217
-15  0  1.23625  0.848586  0.810278  1.22347  0.893876  1.19931  1.1669  0.905792
-15  5  1.11663  0.80079  0.851631  1.33178  0.908521  1.27882  1.08926  0.873453
-15  10  1.03895  0.77502  0.86841  1.42827  0.896965  1.33768  1.00101  0.863542
-15  15  0.934718  0.735648  0.878847  1.49898  0.913494  1.38977  0.923959  0.865135
-15  20  0.847004  0.69543  0.87759  1.57838  0.894503  1.45474  0.853643  0.87237
-15  25  0.7901  0.687429  0.865079  1.65221  0.840351  1.42796  0.791243  0.892163
-15  30  0.727002  0.641199  0.828542  1.6753  0.762544  1.37673  0.795042  0.872559
-15  35  0.691348  0.608793  0.747996  1.63553  0.652782  1.27086  0.868223  0.860117
-15  40  0.68739  0.539647  0.658017  1.55103  0.594195  1.20214  0.891497  0.814093
-15  45  0.65701  0.529679  0.532451  1.49976  0.53586  1.18644  0.906277  0.787798
-15  50  0.550872  0.522617  0.46773  1.35667  0.449298  1.09211  0.829958  0.722607
-15  55  1.72597  1.9531  3.09029  3.89012  1.49079  2.07597  1.55782  1.54036
-10  -55  2.48935  0.1  1.68053  1.68917  1.08636  2.51091  2.17979  0.888689
-10  -50  1.60505  0.503065  0.489871  0.466292  0.611852  0.503942  1.46695  0.62022
-10  -45  1.70842  0.684161  0.555446  0.523406  0.680357  0.567447  1.57948  0.767974
-10  -40  1.69344  0.751873  0.571154  0.566488  0.696524  0.608576  1.52595  0.831744
-10  -35  1.66078  0.856343  0.597031  0.6214  0.738888  0.664075  1.52461  0.922988
-10  -30  1.67203  0.932846  0.634989  0.682847  0.755773  0.700997  1.47128  0.985443
-10  -25  1.61088  0.986422  0.674173  0.774041  0.77571  0.767839  1.42749  1.02116
-10  -20  1.5099  1.00263  0.69627  0.824776  0.804168  0.843278  1.40017  1.03006
-10  -15  1.45051  1.01288  0.740226  0.916618  0.837672  0.915201  1.32984  1.02914
-10  -10  1.36948  0.998533  0.769327  0.999714  0.852091  0.993677  1.27676  1.01899
-10  -5  1.28025  0.947776  0.797855  1.09924  0.875072  1.07463  1.21298  0.996241
-10  0  1.19684  0.901759  0.885521  1.19618  0.923725  1.15001  1.13833  0.943691
-10  5  1.09389  0.825522  0.933074  1.24314  0.956097  1.21129  1.06145  0.88422
-10  10  1.01193  0.804834  0.963323  1.33318  1.00212  1.29423  1.01607  0.897826
-10  15  0.90911  0.741724  0.984233  1.38988  0.982556  1.32904  0.931355  0.880284
-10  20  0.849758  0.727224  0.974253  1.44364  0.981722  1.36741  0.861627  0.878027
-10  25  0.790898  0.695723  1.00507  1.52151  0.934337  1.34989  0.813417  0.866803
-10  30  0.741837  0.666705  0.994442  1.54989  0.90175  1.2966  0.817265  0.857992
-10  35  0.698336  0.599455  0.891089  1.47016  0.790489  1.22895  0.898581  0.844161
-10  40  0.705706  0.562802  0.800926  1.44778  0.690846  1.1695  0.937039  0.805547
-10  45  0.695673  0.549124  0.687278  1.42734  0.624604  1.17264  0.951422  0.792588
-10  50  0.636022  0.463378  0.517165  1.35053  0.503787  1.08488  0.824261  0.723095
-10  55  1.36439  2.43034  3.3338  2.29848  0.574829  1.69307  1.18605  0.772409
-5  -55  1.62368  1.05682  1.01315  1.05707  0.620466  0.616918  1.42874  0.978182
-5  -50  1.40776  0.812243  0.491843  0.477717  0.6185  0.537343  1.30506  0.893993
-5  -45  1.47296  0.900628  0.567402  0.535604  0.682344  0.579185  1.37145  1.00064
-5  -40  1.47687  0.950707  0.580444  0.562323  0.71747  0.648005  1.40042  1.0405
-5  -35  1.47025  1.03936  0.617692  0.630303  0.740943  0.679779  1.36082  1.0779
-5  -30  1.47504  1.09917  0.654835  0.699483  0.76018  0.730121  1.3583  1.12767
-5  -25  1.48515  1.1319  0.698134  0.74675  0.789309  0.785237  1.33247  1.15406
-5  -20  1.41389  1.12493  0.741225  0.812791  0.819593  0.853755  1.30174  1.13307
-5  -15  1.34017  1.12055  0.785592  0.882766  0.849136  0.899043  1.23274  1.09283
-5  -10  1.30009  1.08798  0.810158  0.949259  0.871137  0.979463  1.20642  1.08261
-5  -5  1.21306  1.03454  0.83418  1.0217  0.891661  1.03019  1.13406  1.02316
-5  0  1.11343  0.926989  0.901887  1.0845  0.951339  1.09018  1.05855  0.958307
-5  5  1.02635  0.848278  0.982591  1.16316  1.01066  1.14996  1.0116  0.9081
-5  10  0.968366  0.831772  1.0475  1.24561  1.04968  1.20248  0.987364  0.888879
-5  15  0.896095  0.808356  1.10222  1.30605  1.05922  1.24286  0.914714  0.872451
-5  20  0.830795  0.735393  1.11258  1.33507  1.07357  1.24251  0.856844  0.842331
-5  25  0.788583  0.695148  1.1336  1.39028  1.05183  1.22951  0.847673  0.851331
-5  30  0.75149  0.645627  1.11404  1.39514  1.02583  1.1914  0.854033  0.840237
-5  35  0.736391  0.575948  1.07323  1.35889  0.922604  1.09357  0.908889  0.83579
-5  40  0.716195  0.550931  1.01594  1.29749  0.852753  1.06726  0.978568  0.796309
-5  45  0.697166  0.508759  0.911702  1.25064  0.78266  1.05213  0.959188  0.751736
-5  50  0.668103  0.471017  0.738693  1.15778  0.616475  1.00851  0.828672  0.694149
-5  55  0.829374  0.892136  0.916292  1.74069  0.740929  1.31145  1.31723  0.883356
0  -55  1.36252  1.84239  0.510199  0.796219  0.686144  0.605964  1.08495  1.44596
0  -50  1.08995  1.11605  0.501449  0.491198  0.609478  0.53783  1.05615  1.22161
0  -45  1.18661  1.15522  0.57125  0.536346  0.667394  0.613584  1.16455  1.26754
0  -40  1.27443  1.15791  0.597512  0.576442  0.708848  0.646271  1.19535  1.21908
0  -35  1.31579  1.18736  0.63503  0.631488  0.728239  0.682953  1.22548  1.23457
0  -30  1.34839  1.25074  0.676991  0.671035  0.775915  0.721944  1.25135  1.24327
0  -25  1.31785  1.23812  0.700031  0.734235  0.789735  0.770034  1.22901  1.24466
0  -20  1.29684  1.23897  0.770697  0.792563  0.843867  0.830841  1.20455  1.21763
0  -15  1.25089  1.22729  0.824234  0.838017  0.884252  0.886726  1.17048  1.18473
0  -10  1.20573  1.18022  0.878851  0.879688  0.916914  0.938064  1.14048  1.14344
0  -5  1.11154  1.10035  0.926286  0.935938  0.9579  0.950695  1.06739  1.07194
0  0  1  1  1  1  1  1  1  1
0  5  0.908783  0.927084  1.08646  1.08634  1.08096  1.07899  0.950037  0.940542
0  10  0.909019  0.877045  1.14897  1.15344  1.12738  1.15011  0.93058  0.926815
0  15  0.867301  0.827246  1.22508  1.18158  1.1455  1.13362  0.902953  0.897052
0  20  0.83785  0.751955  1.22665  1.22613  1.19152  1.15153  0.875977  0.855353
0  25  0.787634  0.691505  1.28111  1.21393  1.18688  1.12924  0.863648  0.842227
0  30  0.745776  0.637741  1.25853  1.21887  1.13191  1.03302  0.877148  0.805095
0  35  0.72457  0.551268  1.24186  1.14387  1.05653  0.931998  0.925883  0.791448
0  40  0.71363  0.517263  1.21239  1.06185  1.02014  0.883152  0.989921  0.765105
0  45  0.715122  0.488379  1.17559  0.99093  1.0332  0.847853  0.987238  0.740865
0  50  0.662514  0.426193  1.11612  0.893698  0.91266  0.784734  0.875529  0.680648
0  55  0.90035  0.839291  1.84479  1.46834  1.15071  0.964334  1.09013  0.843125
5  -55  0.827657  1.56606  0.853183  0.773304  0.80233  0.574003  0.781599  1.7047
5  -50  0.815421  1.33397  0.50185  0.481923  0.598629  0.558474  0.802463  1.47948
5  -45  0.974051  1.36516  0.570989  0.549484  0.662029  0.613731  0.938813  1.46956
5  -40  1.04627  1.32394  0.597724  0.568106  0.692757  0.664362  1.03863  1.38472
5  -35  1.12722  1.35614  0.649959  0.621463  0.727871  0.693831  1.10474  1.37312
5  -30  1.18152  1.39726  0.675791  0.67103  0.770231  0.729453  1.12804  1.37145
5  -25  1.19726  1.39092  0.743535  0.718941  0.789868  0.77352  1.12221  1.3372
5  -20  1.18518  1.34888  0.79832  0.756227  0.862301  0.832698  1.11853  1.3002
5  -15  1.16943  1.32175  0.875214  0.804982  0.907309  0.857132  1.0947  1.25977
5  -10  1.0971  1.24439  0.941614  0.818645  0.965443  0.877991  1.07023  1.19476
5  -5  1.06822  1.1897  1.02625  0.860377  1.0205  0.887684  1.0201  1.135
5  0  0.953314  1.10522  1.08005  0.949906  1.06937  0.952142  0.961093  1.06899
5  5  0.890358  0.993081  1.15349  0.990667  1.15187  1.02213  0.910609  1.01012
5  10  0.862408  0.931058  1.21867  1.04719  1.21268  1.05925  0.915909  0.953348
5  15  0.828298  0.829236  1.29806  1.07691  1.23442  1.04242  0.906455  0.888028
5  20  0.803367  0.756344  1.34653  1.06698  1.29831  1.05487  0.905567  0.848029
5  25  0.79209  0.693467  1.40238  1.08445  1.29068  0.992457  0.889262  0.796777
5  30  0.769457  0.630628  1.4228  1.05288  1.27413  0.902356  0.902317  0.794589
5  35  0.742525  0.554485  1.40018  0.943782  1.22209  0.79811  0.953857  0.800693
5  40  0.741832  0.511121  1.40703  0.844415  1.17923  0.699977  0.981608  0.755332
5  45  0.730993  0.459751  1.46202  0.730497  1.20314  0.637823  0.976169  0.728526
5  50  0.65789  0.432785  1.40892  0.574442  1.14203  0.545316  0.865531  0.646218
5  55  0.889407  1.24161  2.28526  0.983929  1.44785  0.688869  1.22145  0.858816
10  -55  1.51511  2.81956  1.71778  1.96119  0.737599  0.757825  0.770584  2.14272
10  -50  0.557263  1.43143  0.504472  0.493791  0.572197  0.552853  0.604042  1.56211
10  -45  0.736578  1.51661  0.568052  0.531344  0.643156  0.626558  0.763255  1.59784
10  -40  0.890991  1.46282  0.600882  0.57383  0.691411  0.650751  0.86415  1.51254
10  -35  0.968496  1.48564  0.655399  0.616768  0.709595  0.6833  0.937954  1.44123
10  -30  1.01561  1.5271  0.690348  0.65673  0.740222  0.737671  1.00624  1.46513
10  -25  1.04766  1.51341  0.740799  0.694998  0.788702  0.797012  1.02393  1.43928
10  -20  1.06643  1.44611  0.801282  0.73318  0.851319  0.807091  1.02966  1.39822
10  -15  1.04255  1.42156  0.883971  0.761726  0.91274  0.840711  0.994004  1.29574
10  -10  1.04066  1.3365  0.978626  0.785859  0.98806  0.838794  1.00383  1.25294
10  -5  1.00051  1.21667  1.0697  0.83621  1.05895  0.8755  0.989013  1.17919
10  0  0.932438  1.1339  1.1419  0.892246  1.13677  0.922352  0.956248  1.10835
10  5  0.898559  1.04118  1.27009  0.931014  1.20886  0.948202  0.923132  1.02885
10  10  0.8568  0.925654  1.34476  0.949779  1.28904  0.953992  0.917484  0.961089
10  15  0.829223  0.855478  1.44487  0.978527  1.34142  0.944181  0.912017  0.894372
10  20  0.794421  0.743093  1.43797  0.958215  1.38002  0.912009  0.909249  0.811651
10  25  0.78159  0.672857  1.5412  0.930144  1.39685  0.85422  0.933418  0.774118
10  30  0.767968  0.594706  1.59327  0.859165  1.38119  0.761011  0.944054  0.74788
10  35  0.77148  0.53172  1.61194  0.740572  1.35723  0.632967  0.97692  0.76429
10  40  0.738063  0.47989  1.64128  0.607492  1.3735  0.535399  0.992622  0.75513
10  45  0.700171  0.440793  1.67229  0.532032  1.37445  0.462883  0.941158  0.699597
10  50  0.61707  0.357137  1.61576  0.439772  1.26311  0.414569  0.844437  0.623654
10  55  1.55281  2.19089  3.51746  2.68811  1.61633  1.37807  1.52301  1.02999
15  -55  1.11426  4.33616  3.21128  3.04635  1.14175  1.01596  1.05365  2.23289
15  -50  0.456302  1.52707  0.506482  0.485356  0.54484  0.550597  0.541104  1.56476
15  -45  0.595102  1.59878  0.545136  0.530535  0.615807  0.614144  0.632418  1.65249
15  -40  0.728792  1.58473  0.609125  0.561145  0.676178  0.670033  0.756706  1.59164
15  -35  0.806362  1.5698  0.637456  0.59874  0.690609  0.698498  0.822915  1.52102
15  -30  0.915739  1.55462  0.674984  0.653313  0.712387  0.729387  0.906214  1.52925
15  -25  0.941175  1.56951  0.736042  0.680679  0.767201  0.777916  0.927477  1.47926
15  -20  0.941132  1.51263  0.798954  0.711216  0.832586  0.796205  0.932877  1.41246
15  -15  0.95877  1.45105  0.903743  0.747421  0.912894  0.824581  0.934829  1.38285
15  -10  0.943534  1.36419  0.988928  0.75335  1.0116  0.839011  0.956563  1.29322
15  -5  0.925882  1.27353  1.11376  0.795076  1.08861  0.852344  0.934036  1.19513
15  0  0.889437  1.17004  1.22961  0.826564  1.15907  0.873161  0.915782  1.10848
15  5  0.857817  1.05142  1.32476  0.846964  1.26948  0.894123  0.917146  1.03964
15  10  0.823977  0.928293  1.41658  0.875644  1.34345  0.872479  0.89397  0.946404
15  15  0.785511  0.809806  1.49052  0.857371  1.40025  0.848767  0.914828  0.863595
15  20  0.779506  0.721395  1.55572  0.847952  1.44668  0.801054  0.928369  0.784114
15  25  0.769012  0.630417  1.62015  0.800505  1.48955  0.732281  0.958693  0.72687
15  30  0.775756  0.54105  1.73035  0.697843  1.51102  0.634221  0.987458  0.722915
15  35  0.764781  0.484773  1.73188  0.576483  1.44876  0.517182  0.990596  0.741249
15  40  0.71772  0.442478  1.7225  0.504688  1.49502  0.45497  0.993976  0.726689
15  45  0.672398  0.367521  1.75702  0.445337  1.46341  0.418068  0.938834  0.673457
15  50  0.552364  0.37417  1.55229  0.406683  1.25397  0.394404  0.788813  0.596731
15  55  2.6977  0.96554  5.89831  2.18933  2.30831  1.0384  2.33736  0.889048
20  -55  2.43338  3.89411  1.30208  2.28377  0.745999  1.0384  0.630673  2.98798
20  -50  0.383146  1.52117  0.796489  0.398098  0.577187  0.569529  0.523171  1.67461
20  -45  0.48205  1.65106  0.501164  0.511628  0.581033  0.601991  0.584326  1.61336
20  -40  0.598275  1.66346  0.582369  0.549745  0.63811  0.667141  0.6757  1.62662
20  -35  0.694944  1.62692  0.646918  0.578763  0.661052  0.712607  0.744263  1.5518
20  -30  0.789482  1.64364  0.677418  0.641409  0.682672  0.744175  0.81968  1.56099
20  -25  0.840314  1.63145  0.728819  0.668041  0.728691  0.765263  0.840181  1.49973
20  -20  0.860584  1.57901  0.797429  0.683324  0.811398  0.783362  0.867035  1.48257
20  -15  0.844747  1.48432  0.889681  0.690133  0.890362  0.807799  0.870938  1.38445
20  -10  0.861983  1.38614  0.999015  0.715629  1.00552  0.820462  0.879761  1.30015
20  -5  0.860681  1.2882  1.15079  0.731931  1.09369  0.815405  0.893416  1.18199
20  0  0.84167  1.1766  1.26866  0.776105  1.20144  0.808172  0.879511  1.10806
20  5  0.817009  1.02315  1.36693  0.760275  1.29745  0.811053  0.892689  1.0096
20  10  0.811439  0.886994  1.50754  0.77187  1.38719  0.788515  0.911618  0.914955
20  15  0.799626  0.768269  1.60432  0.755529  1.47568  0.756932  0.923116  0.836254
20  20  0.781124  0.670145  1.70293  0.731131  1.51055  0.700954  0.944304  0.727284
20  25  0.780208  0.568989  1.73243  0.660811  1.57324  0.631579  0.98222  0.683503
20  30  0.778593  0.495908  1.79807  0.575423  1.52345  0.53033  0.992992  0.672432
20  35  0.746216  0.469984  1.79819  0.495126  1.52756  0.463442  0.979058  0.705744
20  40  0.697646  0.417758  1.79525  0.458959  1.50802  0.424442  0.952603  0.675657
20  45  0.63768  0.376745  1.7611  0.41803  1.40685  0.401767  0.918058  0.61332
20  50  0.646533  0.738383  1.79561  0.327974  1.26582  0.436162  0.940183  0.547121
20  55  1.8446  3.17562  4.36591  4.06934  4.72083  1.0384  2.8206  0.941553
25  -55  3.18425  3.9515  4.16402  2.57347  3.41926  2.96873  3.40627  0.1
25  -50  2.55941  3.25882  4.69158  2.1463  1.07748  0.869664  0.56385  1.84328
25  -45  0.423621  1.60905  0.485789  0.490982  0.576936  0.598017  0.566766  1.59784
25  -40  0.491434  1.67331  0.545393  0.522533  0.604557  0.66486  0.631126  1.62576
25  -35  0.596041  1.66393  0.616056  0.568247  0.625262  0.714635  0.688897  1.56067
25  -30  0.688132  1.60628  0.634183  0.600467  0.660039  0.755334  0.764839  1.56919
25  -25  0.730016  1.62212  0.69934  0.646237  0.690876  0.766256  0.777722  1.51503
25  -20  0.752514  1.5805  0.769805  0.66167  0.779455  0.785196  0.812258  1.46413
25  -15  0.785251  1.49548  0.881248  0.672263  0.86638  0.784384  0.826882  1.39896
25  -10  0.80254  1.38799  1.00714  0.686263  0.981171  0.796846  0.842165  1.30466
25  -5  0.816601  1.27823  1.18896  0.691765  1.0975  0.789982  0.854526  1.19783
25  0  0.778102  1.12455  1.27476  0.676222  1.20737  0.773169  0.871215  1.08863
25  5  0.807219  1.02049  1.44815  0.708247  1.32831  0.76037  0.89693  1.00219
25  10  0.792569  0.837508  1.56621  0.696943  1.43913  0.724345  0.927211  0.881176
25  15  0.790301  0.68796  1.65086  0.659016  1.5258  0.667322  0.9384  0.775119
25  20  0.778667  0.577375  1.74476  0.616467  1.58315  0.62938  0.985072  0.676568
25  25  0.78757  0.492592  1.84198  0.557215  1.62512  0.568024  0.996419  0.631149
25  30  0.780982  0.438019  1.86169  0.507023  1.59853  0.490289  1.00336  0.638073
25  35  0.719807  0.397429  1.84035  0.4566  1.52462  0.4617  0.967381  0.660992
25  40  0.658355  0.390685  1.80949  0.419483  1.51945  0.442651  0.949284  0.629574
25  45  0.59502  0.295536  1.72511  0.398208  1.33985  0.396318  0.903271  0.579264
25  50  1.81486  1.93947  3.22723  2.0857  1.57026  0.48286  1.1345  0.641249
25  55  3.02036  4.15496  6.85416  6.56299  2.7891  0.94601  1.63261  1.06144
30  -55  1.48113  5.11654  1.12618  1.20204  0.745999  1.12912  0.68907  0.908933
30  -50  3.23864  4.0819  0.92125  3.98535  0.745999  3.14834  5.11834  0.1
30  -45  0.381286  1.66839  0.541568  0.550676  0.538693  0.664035  0.557344  1.47431
30  -40  0.445148  1.58031  0.51437  0.502975  0.552376  0.655508  0.608029  1.55015
30  -35  0.515863  1.57725  0.587742  0.53313  0.572461  0.706064  0.66006  1.53352
30  -30  0.601922  1.60777  0.619383  0.598852  0.606082  0.74589  0.707815  1.53108
30  -25  0.671795  1.58471  0.649229  0.640279  0.635723  0.777865  0.755773  1.52382
30  -20  0.696389  1.52645  0.716077  0.637163  0.706845  0.779221  0.786621  1.45983
30  -15  0.727178  1.48388  0.839997  0.643408  0.810717  0.77023  0.802309  1.40177
30  -10  0.743512  1.36519  0.974227  0.641761  0.93398  0.774036  0.8281  1.30356
30  -5  0.77853  1.24106  1.14841  0.647746  1.07382  0.76174  0.850314  1.1644
30  0  0.766186  1.04629  1.2894  0.641873  1.16797  0.725663  0.878344  1.0502
30  5  0.780146  0.89192  1.44717  0.62241  1.3162  0.714502  0.889746  0.921082
30  10  0.795766  0.743998  1.61584  0.613197  1.42213  0.677018  0.934347  0.798777
30  15  0.808387  0.599943  1.71474  0.580484  1.51994  0.641933  0.977689  0.68934
30  20  0.786247  0.492011  1.80643  0.536136  1.57789  0.59333  1.01149  0.611815
30  25  0.763491  0.398841  1.86093  0.488618  1.60503  0.536667  1.01412  0.590405
30  30  0.744345  0.405717  1.90289  0.466115  1.59082  0.492211  0.967381  0.601073
30  35  0.669895  0.377373  1.85824  0.426911  1.5462  0.474696  0.957467  0.618436
30  40  0.608864  0.372797  1.7603  0.394858  1.39264  0.43076  0.905436  0.578407
30  45  0.487554  0.285256  1.80911  0.387873  1.39498  0.416262  0.927559  0.591
30  50  2.72791  6.86487  4.85781  4.7963  0.818613  0.764973  1.40559  0.611731
30  55  2.41341  3.35868  5.82717  6.12378  1.06752  0.398521  1.48855  0.464584
35  -55  1.70273  4.94704  3.04222  4.15022  0.817183  0.681934  0.851569  1.51545
35  -50  2.48642  5.74634  3.16111  2.53509  0.467881  0.424121  1.064  0.812755
35  -45  1.94462  2.90005  6.10444  0.681637  1.51547  1.87823  1.84495  0.1
35  -40  0.446948  1.56965  0.454463  0.533596  0.5143  0.686026  0.617525  1.43178
35  -35  0.4695  1.51176  0.559271  0.50941  0.525771  0.664439  0.641167  1.42187
35  -30  0.533458  1.51056  0.578936  0.567779  0.553084  0.72293  0.718636  1.46171
35  -25  0.603374  1.51595  0.604198  0.613106  0.563999  0.746125  0.747199  1.41311
35  -20  0.659199  1.48788  0.647645  0.617655  0.618611  0.754141  0.799282  1.38601
35  -15  0.701774  1.43945  0.765863  0.619024  0.71817  0.750526  0.80566  1.31852
35  -10  0.726412  1.31915  0.90313  0.598468  0.853469  0.732459  0.84015  1.23784
35  -5  0.765128  1.16945  1.12815  0.602778  1.00405  0.717814  0.881505  1.12036
35  0  0.772713  0.994275  1.29443  0.578204  1.15306  0.711765  0.92452  0.972354
35  5  0.783834  0.801914  1.46959  0.579441  1.27753  0.690331  0.948686  0.83
35  10  0.785672  0.629016  1.63512  0.56079  1.41268  0.658133  0.988178  0.685479
35  15  0.774885  0.483941  1.7582  0.515509  1.48755  0.619272  1.00702  0.58614
35  20  0.753809  0.479914  1.81662  0.483362  1.54659  0.568343  1.00037  0.551108
35  25  0.732152  0.334429  1.87599  0.449482  1.56523  0.531875  0.989568  0.556273
35  30  0.698847  0.361474  1.8991  0.437255  1.5561  0.495682  0.951245  0.596553
35  35  0.623872  0.279188  1.73989  0.400755  1.47152  0.448213  0.919206  0.585824
35  40  0.574391  0.206917  1.70416  0.414861  1.27824  0.420522  0.924357  0.562894
35  45  2.23443  3.83547  3.61169  1.03576  1.68672  0.655485  1.16061  0.806261
35  50  3.66265  0.1  5.51261  5.79177  0.509365  0.253636  0.296982  0.203223
35  55  2.22132  2.13885  3.59793  7.5835  0.771091  0.206001  0.349741  0.225864
40  -55  3.1846  6.18114  4.97342  1.74023  1.94046  0.969162  1.56104  1.01717
40  -50  2.51645  4.38624  5.72056  1.78717  1.86057  2.58982  2.02387  1.19959
40  -45  2.15433  4.82861  0.965547  2.06861  0.253264  0.41862  0.626548  0.204852
40  -40  1.8322  3.02825  3.15569  1.74343  0.710071  1.19937  0.87018  1.8852
40  -35  0.510667  1.39641  0.487996  0.547092  0.510995  0.655318  0.688419  1.37677
40  -30  0.502342  1.35256  0.520418  0.542305  0.499697  0.684254  0.722111  1.33206
40  -25  0.577581  1.38666  0.53655  0.577647  0.528156  0.70729  0.779846  1.30334
40  -20  0.629081  1.38018  0.565286  0.595507  0.556746  0.71977  0.814291  1.27819
40  -15  0.682094  1.31784  0.658726  0.585387  0.641208  0.717194  0.860499  1.22484
40  -10  0.744486  1.26976  0.800885  0.579579  0.76589  0.693736  0.901917  1.13222
40  -5  0.774563  1.11582  1.06445  0.560087  0.930703  0.6692  0.935372  1.01937
40  0  0.771087  0.878538  1.2518  0.531976  1.13026  0.660093  0.994536  0.86206
40  5  0.758252  0.67694  1.41033  0.521433  1.29515  0.661331  1.02161  0.723848
40  10  0.77063  0.501403  1.63707  0.512173  1.41008  0.607698  1.01266  0.579177
40  15  0.728708  0.387745  1.74038  0.484555  1.49862  0.583269  1.01783  0.529189
40  20  0.692441  0.362732  1.75616  0.449598  1.54201  0.545984  0.981335  0.526914
40  25  0.665315  0.289097  1.77705  0.429493  1.52906  0.501689  0.943049  0.532439
40  30  0.622492  0.335435  1.71874  0.390825  1.46162  0.46024  0.908945  0.551176
40  35  0.635712  0.22694  1.69247  0.390847  1.30459  0.445137  0.889207  0.54394
40  40  2.23169  4.36292  3.03222  2.162  1.7753  0.627941  1.2246  0.896385
40  45  3.5096  5.49826  4.81165  5.10452  1.20004  0.452829  0.983818  0.480264
40  50  2.63145  0.96554  4.23725  2.31518  1.52663  1.77658  2.34208  1.64917
40  55  2.90838  0.96554  5.81566  3.22633  2.09016  3.4735  2.01483  1.63995
45  -55  1.13795  5.3622  2.67358  2.03168  0.289221  0.491767  3.92593  0.480978
45  -50  3.13495  0.1  6.30379  2.80746  0.153002  0.199521  0.172169  0.17283
45  -45  2.90012  3.61111  7.68622  3.34718  1.68586  1.03797  1.06423  1.3052
45  -40  2.85917  3.83158  0.1  0.93571  0.779519  1.08505  1.27321  3.30286
45  -35  1.49932  2.50327  2.65337  1.52714  1.21881  0.970875  1.29313  1.92349
45  -30  0.609614  1.43674  0.682334  0.65625  0.516699  0.685459  0.826426  1.34447
45  -25  0.572699  1.12805  0.49553  0.511369  0.480746  0.663495  0.770683  1.18931
45  -20  0.649903  1.23314  0.489752  0.554837  0.486734  0.671944  0.822364  1.18004
45  -15  0.709479  1.27261  0.543651  0.552359  0.554992  0.688862  0.87723  1.17175
45  -10  0.733494  1.22677  0.699499  0.535108  0.690167  0.656412  0.908075  1.09245
45  -5  0.74784  1.11876  0.964169  0.499302  0.920937  0.634573  0.960641  0.943431
45  0  0.732552  0.855774  1.21414  0.51316  1.12818  0.611506  0.988085  0.772473
45  5  0.729926  0.586152  1.43704  0.491172  1.33274  0.591102  0.993987  0.624414
45  10  0.711654  0.421721  1.60714  0.463264  1.45769  0.569944  0.979369  0.535559
45  15  0.682121  0.328974  1.71132  0.454966  1.5208  0.537723  0.939655  0.516425
45  20  0.622555  0.31958  1.68291  0.440367  1.44623  0.502229  0.915854  0.506176
45  25  0.616087  0.288483  1.62819  0.382881  1.43546  0.483169  0.871355  0.515368
45  30  0.725407  0.369848  1.82714  0.491427  1.37313  0.49152  0.903577  0.564597
45  35  1.42317  4.82127  4.35688  3.22678  1.69727  0.837584  1.81008  0.851793
45  40  3.77959  5.05242  4.68316  4.24699  1.72829  1.67039  1.58594  1.54035
45  45  3.31439  4.05113  5.96332  4.72159  2.66848  7.63391  6.85797  1.6421
45  50  3.15058  5.59463  5.58977  1.19008  0.471336  0.382335  0.24903  0.212177
45  55  0.386067  0.96554  4.76016  0.893802  0.159629  0.269959  0.231279  0.55546
50  -55  2.92939  3.73901  1.73772  1.80183  1.79838  1.79649  1.92148  1.65778
50  -50  1.14412  0.96554  7.53919  2.22223  1.90708  0.781807  1.06838  0.574828
50  -45  0.386067  2.48179  0.965547  0.93571  1.86057  2.58982  2.02387  1.19959
50  -40  2.98021  1.80929  7.00954  3.05301  2.19839  1.86117  3.01526  1.4466
50  -35  2.23628  2.96479  1.93333  1.82454  0.362233  0.438744  0.440088  0.843187
50  -30  0.847789  0.794951  7.37801  0.93571  0.355845  1.00741  0.500496  0.613576
50  -25  1.46155  1.86585  3.15386  1.94359  0.888519  0.84003  1.66843  1.33602
50  -20  0.510673  1.1925  0.697646  0.861568  0.483258  0.671107  0.843845  1.07781
50  -15  0.618224  1.09328  0.461764  0.390556  0.463803  0.629911  0.808277  1.0304
50  -10  0.614395  1.16653  0.508196  0.452985  0.571966  0.588104  0.848471  0.960977
50  -5  0.641475  1.15165  0.759785  0.436136  0.808162  0.564393  0.877761  0.853778
50  0  0.63007  0.691529  1.07403  0.439639  1.08247  0.538341  0.910596  0.659534
50  5  0.603783  0.417341  1.34588  0.409226  1.2289  0.534961  0.85807  0.510987
50  10  0.568335  0.317431  1.41066  0.372463  1.33367  0.511696  0.834026  0.469512
50  15  0.543929  0.269651  1.42271  0.424682  1.34814  0.489283  0.801605  0.461109
50  20  0.633622  0.317051  1.95164  0.381392  1.44781  0.543278  0.881457  0.519757
50  25  1.74156  5.54612  0.1  2.71254  1.39115  0.611435  1.17383  0.662856
50  30  2.79856  5.07745  4.29204  0.1  0.59803  2.7362  3.54319  1.64979
50  35  2.84821  5.80977  2.41143  0.91883  0.149217  0.206704  0.148517  0.1
50  40  3.219  6.5197  3.43427  1.55182  3.53048  2.45481  2.94834  1.6461
50  45  2.67789  0.96554  0.1  0.93571  0.290472  0.197765  0.159677  0.1
50  50  3.41699  4.99943  4.16741  1.18948  1.86057  2.58982  2.02387  1.19959
50  55  0.903302  0.96554  4.04437  1.74493  0.156272  0.194414  0.187409  0.109226
55  -55  0.386067  2.64519  0.965547  0.93571  1.72829  1.91661  2.00757  1.65378
55  -50  0.632882  0.851829  0.965547  0.510695  1.77549  0.653672  0.867127  0.480782
55  -45  1.44957  1.49642  3.80864  0.959216  0.243072  0.413626  0.238168  0.226961
55  -40  0.846802  0.1  2.20052  1.48055  1.86057  2.58982  2.02387  1.19959
55  -35  1.23862  0.969431  2.90893  0.740197  1.86057  2.58982  2.02387  1.19959
55  -30  0.939572  0.445167  2.50351  0.658967  0.134482  0.187595  0.163667  0.249243
55  -25  1.06467  0.533089  3.05148  0.682822  0.13871  0.185582  0.147688  0.105584
55  -20  0.386067  4.36997  2.54279  0.601491  0.814213  0.445194  0.599214  0.704873
55  -15  0.916626  4.50455  0.965547  0.93571  0.785062  1.01743  1.41398  1.432
55  -10  1.51706  2.19896  1.5896  1.18024  0.605115  0.708282  0.994752  1.1526
55  -5  0.934847  1.82732  1.02691  0.822728  0.785694  0.757544  1.10177  0.847601
55  0  0.806263  1.18595  1.44361  0.646709  1.02447  0.555484  0.906889  0.698663
55  5  0.904212  1.26194  1.82108  0.782607  1.34985  0.564385  0.905178  0.534584
55  10  1.14593  1.07252  2.48132  1.00158  2.09708  0.536284  0.891825  0.633802
55  15  0.735278  2.98822  0.965547  1.47033  1.90118  0.918704  1.16646  0.67695
55  20  0.386067  0.910584  0.965547  0.354415  1.59242  0.484076  0.759614  0.523492
55  25  0.481394  1.61737  2.08884  4.11614  0.536172  0.188029  0.198208  0.1
55  30  1.02889  0.96554  4.4609  5.7444  1.86057  2.58982  2.02387  1.19959
55  35  1.56406  2.50719  0.965547  1.17393  1.86057  2.58982  2.02387  1.19959
55  40  1.7393  1.33046  2.1617  1.52793  0.352017  0.296502  0.264406  0.182982
55  45  1.10266  1.53045  2.05058  2.18933  1.86057  2.58982  2.02387  1.19959
55  50  0.1  0.317763  0.182742  0.16744  0.15561  0.188987  0.15592  0.1
55  55  1.20481  1.83705  4.4609  3.37161  1.86057  2.58982  2.02387  1.19959
