-55  -55  0.25  0.25  0.25  0.366454  0.25  0.25  0.894087  0.25
-55  -50  0.25  1.52154  2.56318  1.85176  0.25  0.384989  0.25  0.25
-55  -45  0.25  0.25  0.25  0.25  4.91954  0.25  0.25  3.62252
-55  -40  0.25  0.25  0.25  0.361256  0.25  0.25  0.59689  0.354387
-55  -35  0.25  0.25  0.25  0.25  0.25  0.25  0.25  0.25
-55  -30  2.71089  0.400672  0.539061  0.773193  0.25  0.25  0.25  0.25
-55  -25  2.1242  0.516962  0.678544  0.501601  0.25  0.25  0.25  3.61882
-55  -20  1.93745  0.414479  0.624185  0.373962  0.574919  0.326408  1.09638  0.610694
-55  -15  1.62543  0.360649  0.472694  0.403836  0.810013  0.30992  1.75654  0.723308
-55  -10  1.52107  0.336953  0.481069  0.481605  0.651146  0.37851  1.15261  0.597154
-55  -5  1.33547  0.402685  0.421804  0.739622  0.438171  0.356015  1.10656  0.589126
-55  0  0.9881  0.390134  0.435412  1.16746  0.604607  0.793912  0.641551  0.657337
-55  5  0.642449  0.308452  0.436689  1.42774  0.533293  1.2374  0.843649  0.543379
-55  10  0.688043  0.396898  0.533323  1.88875  0.500641  1.34443  0.45105  0.49111
-55  15  0.604295  0.477357  0.521133  1.86243  0.609458  1.85744  0.520526  0.72889
-55  20  0.953658  0.471908  0.482128  2.50047  0.677745  1.11609  0.887843  0.594038
-55  25  2.46752  2.19913  1.67532  4.91205  0.25  0.313509  0.379612  0.307197
-55  30  0.829725  1.52661  0.677789  3.23701  0.77105  2.37013  1.00897  1.23064
-55  35  0.25  0.25  0.25  0.25  0.25  0.26084  0.25  0.540371
-55  40  0.25  0.25  0.25  0.25  0.280941  0.482804  0.42082  0.266022
-55  45  0.25  4.38711  0.25  0.25  0.25  0.825156  0.25  0.25
-55  50  0.424669  0.25  0.25  0.301047  3.30567  1.76819  0.25  2.57926
-55  55  0.546612  0.437443  0.286706  0.968115  0.616225  0.909177  0.488251  2.31046
-50  -55  1.21517  0.950963  0.25  0.25  0.734343  1.02028  0.771712  1.26904
-50  -50  1.37122  0.25  0.25  0.25  0.25  0.25  0.25  3.62854
-50  -45  4.963  1.29585  1.36483  3.20323  1.28167  0.934258  1.2225  0.523716
-50  -40  2.86183  0.71132  0.757592  3.79882  1.95326  0.25  0.25  2.33637
-50  -35  3.08695  2.00167  1.382  1.51  1.43376  0.616359  2.62607  0.767531
-50  -30  3.19223  4.01782  1.84542  2.18443  1.67036  0.878852  3.57306  0.910809
-50  -25  1.73613  0.365269  0.533333  0.45475  0.538004  0.30271  1.15472  0.404749
-50  -20  1.61129  0.358398  0.444632  0.40187  0.700077  0.345958  1.37541  0.53252
-50  -15  1.56178  0.390317  0.47299  0.469235  0.683203  0.34525  1.3386  0.575319
-50  -10  1.47925  0.407707  0.470411  0.572961  0.709216  0.435609  1.34637  0.635381
-50  -5  1.32205  0.435182  0.493983  0.850729  0.679173  0.676228  1.22519  0.683862
-50  0  1.09762  0.455533  0.508992  1.21651  0.648308  1.01967  0.962563  0.69557
-50  5  0.762885  0.435923  0.484784  1.48069  0.645019  1.38588  0.670062  0.710128
-50  10  0.608422  0.457724  0.484439  1.71964  0.637504  1.55543  0.548786  0.642563
-50  15  0.479726  0.439477  0.451565  1.82644  0.621657  1.46076  0.518243  0.626941
-50  20  0.399466  0.420638  0.4356  1.75279  0.589158  1.36235  0.525503  0.63288
-50  25  0.382859  0.47829  0.434798  2.0681  0.472697  1.03032  0.481489  0.564609
-50  30  1.50084  1.33217  1.34622  2.61724  3.40718  4.30436  3.33909  1.96856
-50  35  3.00009  2.62973  4.39704  0.25  2.17029  2.51058  2.33137  1.79091
-50  40  3.66682  2.37276  2.33329  3.89715  2.54129  1.56755  0.25  2.64711
-50  45  2.81152  1.79288  1.92899  2.25876  0.25  4.9639  0.25  1.94358
-50  50  2.68616  2.08367  2.49448  4.64435  0.25  0.701007  0.786072  0.322861
-50  55  2.80526  0.755698  0.879937  1.65338  2.60076  2.83789  0.25  3.62854
-45  -55  0.25  0.25  0.25  0.25  4.90553  0.25  4.26939  3.39136
-45  -50  4.2069  3.80132  4.47632  0.25  2.36339  0.25  3.53639  1.56991
-45  -45  3.45127  3.98923  3.62545  3.31554  0.25  0.25  0.25  3.62993
-45  -40  3.68031  4.99065  3.23002  3.00552  2.1467  3.45362  2.31039  2.34824
-45  -35  1.4452  0.314662  0.642066  0.433571  0.765337  0.821771  1.9754  0.606849
-45  -30  1.73281  0.338144  0.486024  0.410207  0.640031  0.309905  1.62789  0.477086
-45  -25  1.80446  0.370836  0.505548  0.441425  0.712967  0.35977  1.65249  0.510033
-45  -20  1.80626  0.409379  0.524023  0.494555  0.769586  0.402552  1.65954  0.575796
-45  -15  1.79722  0.462496  0.539908  0.603862  0.791899  0.470555  1.58699  0.625645
-45  -10  1.65484  0.479048  0.543842  0.760655  0.779366  0.614475  1.48741  0.678084
-45  -5  1.46783  0.50553  0.567165  1.03507  0.771715  0.838047  1.32653  0.720631
-45  0  1.21985  0.516729  0.562878  1.31104  0.746857  1.06957  1.10719  0.76
-45  5  0.94083  0.502236  0.553991  1.53749  0.757778  1.38409  0.854033  0.793896
-45  10  0.770027  0.52128  0.565352  1.80764  0.739963  1.58402  0.683041  0.800746
-45  15  0.607253  0.518939  0.536557  1.94495  0.71545  1.61681  0.609631  0.748385
-45  20  0.510079  0.492081  0.498232  1.89413  0.682887  1.52286  0.592323  0.748674
-45  25  0.462597  0.457731  0.484491  1.87768  0.605269  1.35713  0.596698  0.728436
-45  30  0.427904  0.470135  0.451054  1.6587  0.557648  1.24792  0.621099  0.693133
-45  35  0.680289  0.654612  0.731602  1.79114  0.643218  1.58912  0.8152  0.779948
-45  40  3.21611  3.27535  3.6487  3.81903  2.87435  2.79086  0.25  2.99055
-45  45  3.78258  3.02755  3.45765  3.08037  3.96701  0.25  3.79446  2.52328
-45  50  0.25  0.25  0.25  0.25  0.25  4.77161  3.05438  2.86563
-45  55  3.97552  0.25  0.25  0.25  3.02678  4.25871  0.25  3.56824
-40  -55  0.25  4.40571  0.25  0.25  3.53535  4.30135  4.91998  2.82085
-40  -50  4.28976  2.15881  0.25  2.06531  2.65356  0.875318  3.07686  1.67293
-40  -45  0.25  4.0362  4.57145  0.25  3.03088  0.25  0.25  2.21376
-40  -40  2.14863  0.37268  0.482982  0.466953  0.861326  0.559301  1.99366  0.547561
-40  -35  1.73558  0.31703  0.45944  0.390629  0.630837  0.342378  1.67753  0.432774
-40  -30  1.95035  0.373535  0.511428  0.448881  0.69148  0.379134  1.75072  0.497028
-40  -25  1.96671  0.427068  0.535609  0.512985  0.757627  0.429495  1.78534  0.577648
-40  -20  1.82285  0.461715  0.544346  0.583632  0.79509  0.483645  1.70545  0.616031
-40  -15  1.76836  0.500144  0.562659  0.721543  0.780724  0.573226  1.57814  0.640591
-40  -10  1.58097  0.513038  0.566817  0.869506  0.787408  0.72829  1.50037  0.683917
-40  -5  1.47927  0.552974  0.585096  1.09637  0.784499  0.899048  1.36903  0.721754
-40  0  1.2582  0.560493  0.604521  1.32531  0.772049  1.08227  1.15551  0.754568
-40  5  1.0307  0.549337  0.59378  1.50053  0.786054  1.29763  0.943509  0.802697
-40  10  0.865105  0.569927  0.61131  1.71644  0.767876  1.45149  0.777173  0.817535
-40  15  0.721329  0.548591  0.594477  1.8398  0.734108  1.57518  0.67545  0.800061
-40  20  0.617382  0.540553  0.568418  1.87161  0.699105  1.58518  0.637602  0.809124
-40  25  0.544207  0.527942  0.554748  1.89718  0.656385  1.4652  0.647863  0.791525
-40  30  0.471107  0.510793  0.525742  1.81488  0.602888  1.36375  0.668366  0.75624
-40  35  0.427462  0.474786  0.465964  1.66401  0.547321  1.26223  0.624798  0.716814
-40  40  0.533181  0.533325  0.587628  1.78944  0.556098  1.18632  0.707156  0.660532
-40  45  4.5912  3.46708  4.89441  3.63855  0.989651  2.57078  1.59391  1.59838
-40  50  3.35642  0.25  0.25  0.25  0.25  3.95461  4.39926  2.61164
-40  55  2.37747  3.32393  2.38878  2.45342  4.92672  0.25  4.1103  3.5188
-35  -55  4.62425  0.25  0.25  3.95823  0.25  0.279149  1.5172  0.25
-35  -50  4.03658  4.75228  0.25  4.409  3.4446  0.25  4.62777  2.64541
-35  -45  1.83483  0.396052  0.638947  0.506878  0.811393  0.414697  2.05764  0.479418
-35  -40  1.89465  0.303506  0.455363  0.41092  0.634289  0.385738  1.67836  0.434236
-35  -35  1.9171  0.351515  0.495425  0.4627  0.691578  0.407355  1.84876  0.489266
-35  -30  2.04165  0.41878  0.538705  0.522743  0.739872  0.45534  1.83279  0.549584
-35  -25  1.97704  0.472246  0.561519  0.602244  0.777218  0.507289  1.77359  0.612771
-35  -20  1.8963  0.530202  0.573907  0.691939  0.789822  0.577531  1.71588  0.669885
-35  -15  1.78167  0.566982  0.595294  0.815978  0.801514  0.689831  1.62176  0.681404
-35  -10  1.61943  0.585071  0.586222  0.963747  0.801568  0.82968  1.53351  0.71906
-35  -5  1.47263  0.604698  0.616471  1.16954  0.799346  0.982264  1.39347  0.740465
-35  0  1.29552  0.614945  0.605763  1.32187  0.7927  1.15745  1.23062  0.757394
-35  5  1.08296  0.605772  0.618149  1.46466  0.793613  1.33362  1.09126  0.792084
-35  10  0.960619  0.609911  0.633497  1.64534  0.784353  1.45247  0.885971  0.820451
-35  15  0.817421  0.599855  0.634531  1.76311  0.748029  1.54685  0.767438  0.84473
-35  20  0.683025  0.565461  0.599994  1.77258  0.719269  1.57472  0.680022  0.864431
-35  25  0.622578  0.571559  0.581245  1.83516  0.689368  1.48786  0.678658  0.854442
-35  30  0.554573  0.56003  0.559117  1.85455  0.632217  1.44872  0.703704  0.827295
-35  35  0.493757  0.530785  0.497971  1.70279  0.592269  1.35332  0.738606  0.786674
-35  40  0.517956  0.504544  0.471193  1.5174  0.520746  1.18815  0.681072  0.709539
-35  45  0.611078  0.496322  0.466503  1.50464  0.504359  1.12457  0.690527  0.707522
-35  50  3.90048  0.25  0.25  4.27957  1.32678  4.32643  2.16779  2.13373
-35  55  2.88826  3.56294  4.33715  3.05119  0.25  0.25  0.25  3.37316
-30  -55  3.43424  0.25  4.47632  1.85826  3.51381  3.98533  3.90476  3.2989
-30  -50  2.85955  3.06421  4.68771  2.20727  0.655565  0.423601  1.8882  0.884316
-30  -45  1.90154  0.297967  0.493799  0.42163  0.618805  0.370667  1.69934  0.387746
-30  -40  2.03581  0.332593  0.510152  0.465003  0.658465  0.416211  1.7895  0.461638
-30  -35  1.97853  0.398006  0.533485  0.512864  0.724667  0.475588  1.89857  0.549914
-30  -30  2.03747  0.467991  0.559344  0.576062  0.754735  0.519503  1.8029  0.608963
-30  -25  1.98436  0.549817  0.589926  0.678034  0.781698  0.595359  1.73868  0.677887
-30  -20  1.86416  0.592581  0.597323  0.761315  0.795173  0.688332  1.67602  0.725873
-30  -15  1.76635  0.642526  0.616962  0.900433  0.762982  0.791874  1.61022  0.732447
-30  -10  1.64013  0.664791  0.624421  1.04653  0.793146  0.944557  1.51122  0.765927
-30  -5  1.48187  0.66966  0.649502  1.17429  0.7977  1.07021  1.40157  0.764865
-30  0  1.33294  0.677511  0.670925  1.33776  0.771262  1.23941  1.24117  0.77158
-30  5  1.14316  0.650781  0.654054  1.46273  0.784131  1.38084  1.1125  0.783884
-30  10  1.04269  0.655417  0.680885  1.64216  0.763219  1.47374  0.961768  0.811273
-30  15  0.899545  0.63456  0.678591  1.74509  0.734567  1.54306  0.817184  0.840388
-30  20  0.758236  0.61666  0.6427  1.75798  0.725975  1.55152  0.735595  0.858986
-30  25  0.689506  0.618919  0.617533  1.81356  0.677053  1.51235  0.701692  0.860924
-30  30  0.623531  0.594376  0.582375  1.85341  0.62671  1.44353  0.721067  0.847293
-30  35  0.571768  0.559747  0.533344  1.74259  0.610599  1.37156  0.764952  0.8154
-30  40  0.55298  0.518791  0.464783  1.59948  0.550781  1.28128  0.771096  0.76298
-30  45  0.561867  0.46338  0.436685  1.46308  0.491801  1.09509  0.713508  0.708838
-30  50  2.42742  2.32542  3.82038  3.35613  2.7825  3.11566  2.60859  1.54422
-30  55  3.30765  3.20259  0.25  4.06543  1.1598  2.48299  1.37235  1.37233
-25  -55  3.60214  0.839745  1.69721  0.912608  3.2257  2.91187  3.68873  2.71342
-25  -50  1.9444  0.25  0.636624  0.794098  0.616882  0.563147  1.50669  0.377405
-25  -45  1.93492  0.303759  0.494926  0.455213  0.629267  0.421722  1.68021  0.425369
-25  -40  2.01508  0.376176  0.505418  0.507989  0.691625  0.476705  1.8399  0.521861
-25  -35  2.00417  0.463234  0.547073  0.553506  0.733076  0.530068  1.82163  0.609108
-25  -30  1.96268  0.537427  0.582141  0.639981  0.741846  0.589401  1.73893  0.688154
-25  -25  1.92806  0.650275  0.607206  0.719068  0.785065  0.663207  1.69783  0.724946
-25  -20  1.83004  0.687734  0.621186  0.820955  0.78171  0.766719  1.65543  0.774268
-25  -15  1.73446  0.713814  0.645013  0.939451  0.781436  0.884438  1.56049  0.773422
-25  -10  1.59078  0.755913  0.670608  1.06898  0.784484  1.00242  1.4711  0.795324
-25  -5  1.47603  0.751744  0.689521  1.21062  0.798497  1.12145  1.35437  0.823072
-25  0  1.31391  0.738885  0.70964  1.31642  0.778663  1.23912  1.22598  0.819794
-25  5  1.14884  0.695897  0.70878  1.44923  0.798701  1.38551  1.12168  0.814457
-25  10  1.05294  0.69623  0.739007  1.59531  0.783502  1.49587  0.988538  0.83953
-25  15  0.923688  0.683609  0.731884  1.67353  0.764993  1.52636  0.882121  0.824468
-25  20  0.815317  0.649431  0.688073  1.73671  0.743169  1.58218  0.792366  0.860578
-25  25  0.73641  0.639225  0.687182  1.80858  0.69298  1.54492  0.71976  0.881818
-25  30  0.682589  0.626438  0.640406  1.80955  0.646384  1.46655  0.761083  0.873666
-25  35  0.625174  0.586765  0.563762  1.7195  0.603833  1.36978  0.800985  0.852904
-25  40  0.611468  0.544758  0.515387  1.64528  0.559791  1.27696  0.810844  0.791443
-25  45  0.581426  0.496303  0.459991  1.5033  0.505152  1.15201  0.777054  0.735399
-25  50  0.728229  0.572917  0.672213  1.73539  0.519593  1.18237  0.653291  0.832991
-25  55  1.498  1.49687  2.39935  3.24316  0.25  2.25702  3.5781  2.21386
-20  -55  2.56223  2.49342  3.79947  2.41646  2.24389  1.9563  3.22379  2.84039
-20  -50  1.76044  0.301664  0.470384  0.431937  0.640771  0.456742  1.58715  0.430066
-20  -45  2.0228  0.367855  0.523744  0.500101  0.659982  0.48104  1.75924  0.501275
-20  -40  1.9575  0.464183  0.553514  0.541668  0.704458  0.537663  1.78072  0.584931
-20  -35  1.91224  0.562652  0.57027  0.591913  0.733014  0.592233  1.76411  0.690046
-20  -30  1.93176  0.668843  0.60158  0.678967  0.761258  0.649926  1.69704  0.770572
-20  -25  1.88895  0.753596  0.628262  0.75378  0.769921  0.733954  1.68439  0.828278
-20  -20  1.76618  0.783659  0.641548  0.854706  0.782433  0.834305  1.64709  0.865304
-20  -15  1.67518  0.826232  0.683495  0.942909  0.796995  0.922785  1.49833  0.854569
-20  -10  1.52919  0.817262  0.68371  1.05802  0.79868  1.04545  1.43041  0.878044
-20  -5  1.40548  0.808785  0.723636  1.17768  0.818449  1.14546  1.31969  0.881431
-20  0  1.28139  0.801458  0.76163  1.26596  0.830206  1.26995  1.21422  0.875373
-20  5  1.13741  0.737093  0.774589  1.37812  0.849423  1.36689  1.12932  0.862965
-20  10  1.06539  0.744636  0.810834  1.4951  0.840739  1.45424  1.00545  0.842914
-20  15  0.942892  0.706315  0.800585  1.60227  0.829869  1.51979  0.910916  0.864018
-20  20  0.835343  0.676994  0.760281  1.67941  0.82003  1.57235  0.838695  0.877774
-20  25  0.768033  0.650828  0.758012  1.72262  0.74588  1.56485  0.77419  0.895108
-20  30  0.714696  0.636748  0.718406  1.74981  0.690166  1.47371  0.777647  0.886698
-20  35  0.668649  0.601672  0.640712  1.69366  0.630347  1.36593  0.82954  0.862531
-20  40  0.654694  0.567364  0.55811  1.6191  0.577571  1.31443  0.849528  0.814598
-20  45  0.623261  0.517453  0.491119  1.53983  0.529312  1.21806  0.832608  0.7886
-20  50  0.617905  0.513539  0.488113  1.42695  0.425424  1.0334  0.749565  0.725932
-20  55  2.02797  1.44293  2.77748  3.13565  0.597036  1.29667  0.850285  0.781873
-15  -55  2.12761  0.7853  0.755464  0.881374  1.1844  0.876193  2.41474  0.919258
-15  -50  1.69207  0.359128  0.474542  0.455321  0.588829  0.483176  1.5387  0.489626
-15  -45  1.88028  0.459386  0.545671  0.52838  0.667389  0.527027  1.70238  0.606119
-15  -40  1.84316  0.567408  0.563865  0.560004  0.698522  0.579615  1.66406  0.706505
-15  -35  1.81928  0.696349  0.585037  0.62271  0.748238  0.633338  1.65506  0.807546
-15  -30  1.84019  0.801661  0.623738  0.709484  0.756595  0.690453  1.61335  0.878271
-15  -25  1.7572  0.857566  0.644664  0.779256  0.754286  0.766041  1.57756  0.927265
-15  -20  1.62293  0.891558  0.675393  0.861262  0.780524  0.840148  1.53403  0.960865
-15  -15  1.57659  0.921191  0.698966  0.94585  0.797882  0.926851  1.44992  0.94315
-15  -10  1.46961  0.909998  0.732589  1.03744  0.803884  1.0424  1.35917  0.939052
-15  -5  1.35453  0.900262  0.779472  1.15252  0.835022  1.11018  1.27933  0.939523
-15  0  1.23518  0.839473  0.812666  1.23583  0.868785  1.21244  1.20404  0.910154
-15  5  1.15134  0.803502  0.858387  1.31536  0.872691  1.3084  1.09959  0.872539
-15  10  1.04062  0.772502  0.89246  1.45098  0.893472  1.38306  1.01466  0.871553
-15  15  0.947532  0.73906  0.878641  1.5327  0.89878  1.43948  0.902194  0.859244
-15  20  0.836271  0.701442  0.880398  1.55313  0.883237  1.50101  0.849248  0.87525
-15  25  0.785276  0.671705  0.879138  1.63371  0.837626  1.46368  0.786553  0.881501
-15  30  0.727212  0.64431  0.834332  1.67182  0.769313  1.39284  0.77609  0.871159
-15  35  0.700474  0.600376  0.739808  1.59234  0.702408  1.3363  0.848138  0.84855
-15  40  0.680147  0.571064  0.645282  1.5464  0.612382  1.24709  0.858067  0.812531
-15  45  0.674632  0.528318  0.532878  1.51845  0.551718  1.23882  0.875863  0.792567
-15  50  0.601857  0.477826  0.45466  1.40093  0.458614  1.11508  0.771037  0.723028
-15  55  0.914777  0.82383  0.884612  1.90364  0.878161  1.65476  1.11719  0.976425
-10  -55  1.58957  0.487695  0.486375  0.48453  0.705155  0.582209  1.81816  0.73659
-10  -50  1.6216  0.477805  0.483241  0.48052  0.620472  0.517489  1.53167  0.648759
-10  -45  1.74747  0.639428  0.555931  0.551671  0.682469  0.560974  1.60867  0.755799
-10  -40  1.69187  0.748519  0.581378  0.586781  0.718276  0.619876  1.55242  0.855806
-10  -35  1.67454  0.854419  0.610096  0.646408  0.740078  0.664107  1.54662  0.965834
-10  -30  1.68271  0.942937  0.635679  0.71907  0.744814  0.735429  1.52464  1.02544
-10  -25  1.65945  1.01026  0.674796  0.792163  0.76486  0.800827  1.49359  1.06277
-10  -20  1.56336  1.03156  0.717736  0.86379  0.81023  0.891246  1.44037  1.06293
-10  -15  1.48596  1.02658  0.736388  0.948457  0.807826  0.931493  1.35535  1.04048
-10  -10  1.39468  0.996996  0.782539  1.02041  0.838545  1.03759  1.29642  1.04746
-10  -5  1.30579  0.957585  0.812363  1.10436  0.862116  1.08344  1.23961  1.00272
-10  0  1.22351  0.896403  0.88173  1.20476  0.893052  1.17755  1.14173  0.960564
-10  5  1.11212  0.820684  0.926047  1.26386  0.952937  1.25077  1.09199  0.914418
-10  10  1.00192  0.795458  0.967212  1.35695  0.9687  1.33819  1.01172  0.887071
-10  15  0.929178  0.753894  0.978992  1.40428  0.981987  1.37695  0.932843  0.868744
-10  20  0.852233  0.709778  0.996481  1.44897  0.997733  1.40622  0.87025  0.888018
-10  25  0.80765  0.694036  1.00466  1.52798  0.95562  1.38281  0.813279  0.859851
-10  30  0.747821  0.641745  0.990569  1.55186  0.895318  1.34046  0.80638  0.861227
-10  35  0.721465  0.611091  0.886728  1.49333  0.826695  1.27258  0.869618  0.845209
-10  40  0.700529  0.560249  0.810291  1.4647  0.724689  1.16699  0.905925  0.803428
-10  45  0.694838  0.543619  0.673671  1.45951  0.656812  1.22601  0.915609  0.778764
-10  50  0.661804  0.509616  0.503128  1.34283  0.517089  1.16378  0.822078  0.742741
-10  55  0.842803  0.622586  0.688898  1.53405  0.509092  1.07706  0.764479  0.699832
-5  -55  1.50996  0.703402  0.561664  0.621263  0.611944  0.649635  1.22983  0.866169
-5  -50  1.37481  0.766886  0.498638  0.491599  0.62155  0.534266  1.3211  0.93188
-5  -45  1.49219  0.89688  0.566969  0.568693  0.680494  0.583554  1.36999  1.01773
-5  -40  1.48909  0.939037  0.596822  0.600964  0.708848  0.631753  1.39694  1.09339
-5  -35  1.50845  1.01162  0.619692  0.648024  0.744338  0.699866  1.42292  1.15093
-5  -30  1.52298  1.10367  0.651113  0.717213  0.755727  0.741143  1.40278  1.18075
-5  -25  1.52444  1.15272  0.701268  0.787388  0.773055  0.794991  1.37686  1.19985
-5  -20  1.44144  1.13854  0.746565  0.843572  0.81229  0.874349  1.34038  1.1873
-5  -15  1.36806  1.1156  0.781402  0.911173  0.825109  0.912862  1.28273  1.13796
-5  -10  1.31601  1.08952  0.808695  0.974302  0.854936  1.01008  1.23078  1.10991
-5  -5  1.20464  1.02026  0.829831  1.04493  0.857452  1.03153  1.17029  1.06895
-5  0  1.12136  0.927719  0.909838  1.12645  0.916508  1.10027  1.08275  0.96657
-5  5  1.03857  0.847346  1.00202  1.16806  1.00765  1.18882  1.04381  0.916622
-5  10  0.975582  0.816048  1.07201  1.28359  1.04293  1.24664  0.993983  0.901927
-5  15  0.911919  0.768785  1.0989  1.30933  1.06589  1.2613  0.928921  0.87148
-5  20  0.827289  0.729373  1.11962  1.33901  1.08399  1.30065  0.883139  0.877398
-5  25  0.807993  0.68869  1.15053  1.37771  1.0652  1.27944  0.851061  0.851831
-5  30  0.77718  0.638567  1.14192  1.41067  1.04022  1.18798  0.845518  0.832026
-5  35  0.742818  0.589784  1.09647  1.3496  0.970118  1.14391  0.888792  0.817861
-5  40  0.723324  0.537971  1.03719  1.28168  0.900989  1.07604  0.94593  0.767408
-5  45  0.711337  0.506382  0.922929  1.24627  0.833271  1.09583  0.934895  0.756353
-5  50  0.675995  0.482567  0.721518  1.22643  0.666805  1.05489  0.843219  0.722183
-5  55  0.689072  0.425089  0.612274  1.08493  0.573785  0.970437  1.00231  0.639812
0  -55  0.948931  1.2309  0.488205  0.498541  0.43602  0.561267  0.991682  1.37886
0  -50  1.05526  1.10555  0.514285  0.503802  0.610548  0.540947  1.00711  1.29675
0  -45  1.1907  1.13459  0.565098  0.569964  0.651701  0.601522  1.15595  1.30476
0  -40  1.27015  1.13213  0.606885  0.600306  0.718854  0.635841  1.17935  1.28473
0  -35  1.32296  1.1796  0.632248  0.643258  0.729344  0.686074  1.25081  1.30082
0  -30  1.36101  1.22157  0.686076  0.714156  0.738282  0.733131  1.26108  1.3244
0  -25  1.34149  1.27487  0.716765  0.75168  0.775392  0.791787  1.2539  1.28265
0  -20  1.31688  1.22987  0.769865  0.812803  0.81343  0.855885  1.2314  1.251
0  -15  1.26682  1.22603  0.827487  0.861199  0.855675  0.870836  1.18053  1.20406
0  -10  1.22635  1.16337  0.896395  0.897913  0.892251  0.916023  1.15102  1.1334
0  -5  1.13881  1.0945  0.940253  0.935767  0.930599  0.93718  1.10774  1.10425
0  0  1  1  1  1  1  1  1  1
0  5  0.934142  0.910316  1.07431  1.09975  1.07686  1.11336  0.954968  0.960936
0  10  0.909248  0.875193  1.15586  1.17503  1.0947  1.14496  0.930594  0.920536
0  15  0.861944  0.815091  1.19337  1.20035  1.1471  1.15947  0.901679  0.879971
0  20  0.818481  0.737957  1.21339  1.21687  1.16716  1.16881  0.876212  0.866006
0  25  0.795769  0.689365  1.26669  1.23977  1.17596  1.1313  0.871867  0.834557
0  30  0.760514  0.622073  1.28809  1.22606  1.15992  1.06377  0.866805  0.818908
0  35  0.754432  0.563901  1.26337  1.16254  1.0999  0.960626  0.916967  0.794917
0  40  0.744069  0.514231  1.21242  1.05412  1.06144  0.861011  0.953576  0.74992
0  45  0.73571  0.48709  1.22309  0.994352  1.06935  0.846618  0.943059  0.727253
0  50  0.699158  0.434837  1.13098  0.911591  0.918238  0.81101  0.816398  0.677223
0  55  0.668791  0.414197  1.42277  0.845368  0.866575  0.769887  0.864494  0.672046
5  -55  0.674684  1.43928  0.574414  0.541259  0.488034  0.445457  0.609364  1.3542
5  -50  0.761021  1.36347  0.511672  0.509166  0.589441  0.545651  0.770731  1.53494
5  -45  0.977058  1.39661  0.583681  0.57305  0.662315  0.614376  0.92756  1.55176
5  -40  1.0791  1.32471  0.62501  0.605218  0.692715  0.651104  1.0146  1.47182
5  -35  1.15062  1.36367  0.644533  0.635361  0.730512  0.689883  1.11292  1.43968
5  -30  1.21744  1.4073  0.695394  0.698267  0.745129  0.726883  1.14843  1.43269
5  -25  1.22098  1.38798  0.736522  0.736524  0.777671  0.783053  1.14982  1.40377
5  -20  1.22211  1.36533  0.812327  0.785953  0.839709  0.837273  1.13851  1.3657
5  -15  1.17043  1.31003  0.871207  0.832242  0.888183  0.859294  1.12399  1.30075
5  -10  1.12241  1.23851  0.950004  0.861695  0.942847  0.887377  1.0864  1.23351
5  -5  1.07369  1.16924  1.02907  0.891827  1.02452  0.900046  1.06091  1.16273
5  0  0.967055  1.07956  1.0929  0.961655  1.06473  0.953355  0.968421  1.08681
5  5  0.879286  1.00005  1.14202  1.01875  1.12367  1.05167  0.927906  1.03436
5  10  0.882483  0.93698  1.22624  1.08542  1.20579  1.07029  0.923934  0.975881
5  15  0.849253  0.835951  1.31714  1.09996  1.23772  1.06622  0.908979  0.894965
5  20  0.810226  0.728204  1.35896  1.11665  1.28529  1.04652  0.891514  0.850494
5  25  0.786697  0.685235  1.41532  1.11147  1.31379  1.00472  0.888583  0.812569
5  30  0.781219  0.621565  1.44274  1.07573  1.27772  0.91784  0.907547  0.798751
5  35  0.767914  0.549579  1.46359  0.960792  1.28286  0.810028  0.948462  0.799534
5  40  0.770832  0.503818  1.47322  0.861151  1.23416  0.673799  0.981035  0.74754
5  45  0.74135  0.467714  1.50529  0.737706  1.29118  0.61629  0.945824  0.712019
5  50  0.673914  0.422508  1.48059  0.590045  1.18444  0.52299  0.826969  0.644653
5  55  0.71303  0.448712  1.69553  0.747009  1.2864  0.437427  0.836442  0.636233
10  -55  0.840652  1.56193  0.700523  0.757106  0.620454  0.586639  0.610383  1.79606
10  -50  0.566741  1.43674  0.488886  0.516053  0.577242  0.540182  0.591687  1.70155
10  -45  0.749746  1.54663  0.573179  0.565621  0.632058  0.599809  0.722058  1.73456
10  -40  0.873717  1.49292  0.617725  0.585166  0.697503  0.6576  0.85057  1.62481
10  -35  0.966462  1.4823  0.656033  0.619742  0.718492  0.678989  0.942005  1.55812
10  -30  1.02897  1.52138  0.695604  0.683199  0.713355  0.736706  1.00046  1.51409
10  -25  1.06476  1.5084  0.748497  0.724689  0.76025  0.772892  1.04711  1.50155
10  -20  1.08227  1.46442  0.828645  0.751682  0.831638  0.820201  1.03584  1.43414
10  -15  1.07486  1.39299  0.908532  0.798755  0.900569  0.842856  1.02316  1.37037
10  -10  1.06716  1.32213  0.987375  0.820084  0.97753  0.867201  1.01786  1.29641
10  -5  1.02999  1.24659  1.08999  0.851348  1.06358  0.878839  1.00048  1.19587
10  0  0.940879  1.14688  1.16201  0.908228  1.11476  0.908349  0.9511  1.11331
10  5  0.887481  1.03533  1.23287  0.962405  1.196  0.96616  0.930218  1.06799
10  10  0.858383  0.948129  1.34832  0.991023  1.27493  0.974433  0.92694  0.970495
10  15  0.835175  0.83733  1.42195  0.998381  1.32792  0.949388  0.895306  0.896584
10  20  0.804925  0.734876  1.48514  0.98896  1.38176  0.931514  0.917194  0.820209
10  25  0.796757  0.674947  1.55379  0.956031  1.42445  0.848657  0.917388  0.771016
10  30  0.784943  0.590577  1.61531  0.876627  1.42622  0.766021  0.943354  0.759342
10  35  0.777057  0.526019  1.63819  0.757889  1.40029  0.626335  0.961965  0.767683
10  40  0.771454  0.470041  1.68565  0.636446  1.42989  0.525522  0.950919  0.731746
10  45  0.718069  0.433872  1.71649  0.547548  1.51457  0.457397  0.920596  0.686998
10  50  0.613456  0.393984  1.63906  0.473017  1.33537  0.40069  0.784484  0.597216
10  55  0.632869  0.382245  1.65189  0.491468  1.21661  0.468718  0.780639  0.569928
15  -55  1.14512  2.42997  1.08884  1.07545  0.839154  0.846336  1.75918  1.78181
15  -50  0.452301  1.42501  0.469994  0.498267  0.5379  0.520513  0.506471  1.67364
15  -45  0.601715  1.61404  0.5503  0.553485  0.615294  0.606007  0.614326  1.73661
15  -40  0.715205  1.57306  0.611293  0.583677  0.67406  0.658942  0.727328  1.63832
15  -35  0.826921  1.56465  0.656817  0.617385  0.699201  0.701433  0.819442  1.62649
15  -30  0.900025  1.57281  0.680134  0.661872  0.71324  0.7382  0.893834  1.5747
15  -25  0.954521  1.57411  0.733859  0.686  0.741754  0.777255  0.921486  1.54529
15  -20  0.969131  1.5257  0.810445  0.731085  0.815566  0.796569  0.948996  1.49002
15  -15  0.951001  1.46189  0.894174  0.741921  0.879486  0.804497  0.939317  1.38321
15  -10  0.948403  1.36208  0.992513  0.781282  0.983172  0.834188  0.940888  1.2941
15  -5  0.947015  1.25952  1.11286  0.812117  1.07959  0.840469  0.951034  1.23503
15  0  0.896473  1.14007  1.21265  0.838699  1.14728  0.883957  0.905096  1.11383
15  5  0.875138  1.04927  1.314  0.863156  1.22707  0.881678  0.910579  1.03906
15  10  0.847872  0.91884  1.43785  0.876923  1.31164  0.880558  0.89698  0.945515
15  15  0.81528  0.804886  1.48028  0.888346  1.39609  0.852494  0.906632  0.858695
15  20  0.787334  0.711734  1.57477  0.856981  1.47219  0.80956  0.925462  0.78717
15  25  0.779823  0.619287  1.66025  0.797349  1.5184  0.72476  0.939798  0.715527
15  30  0.778382  0.546233  1.72902  0.718155  1.50717  0.631489  0.95854  0.723547
15  35  0.78586  0.474039  1.72858  0.599015  1.51659  0.516152  0.960461  0.74567
15  40  0.736457  0.434258  1.79206  0.525021  1.52636  0.434503  0.91467  0.707555
15  45  0.680224  0.403882  1.84063  0.48156  1.58656  0.408797  0.877058  0.647553
15  50  0.603471  0.3647  1.65177  0.424421  1.33588  0.362634  0.772801  0.566331
15  55  1.85525  1.71614  3.14381  3.11991  1.84867  1.0095  1.40602  0.829745
20  -55  3.54948  3.4539  2.37821  3.47638  1.12708  1.35379  1.36168  2.29211
20  -50  0.385365  1.40279  0.43602  0.45517  0.517152  0.525048  0.462122  1.65134
20  -45  0.503184  1.68856  0.521416  0.537812  0.582609  0.599622  0.564579  1.75812
20  -40  0.601128  1.63254  0.595565  0.570893  0.652382  0.656612  0.654485  1.7082
20  -35  0.70543  1.64606  0.65327  0.617282  0.674284  0.691858  0.72837  1.66791
20  -30  0.812771  1.62108  0.677507  0.652407  0.686596  0.732601  0.805919  1.6006
20  -25  0.830197  1.64007  0.729257  0.694101  0.728394  0.768268  0.840762  1.58748
20  -20  0.882389  1.60151  0.816862  0.711022  0.806448  0.789916  0.867455  1.52204
20  -15  0.891169  1.49781  0.896167  0.721596  0.879372  0.805569  0.87412  1.42882
20  -10  0.891203  1.40805  1.02042  0.747733  0.988503  0.801453  0.876699  1.34385
20  -5  0.892001  1.31043  1.15654  0.778718  1.09826  0.825097  0.916476  1.23916
20  0  0.865281  1.15854  1.27848  0.792861  1.18677  0.826789  0.891333  1.12775
20  5  0.842142  1.03874  1.37504  0.812766  1.2903  0.831383  0.901853  1.0287
20  10  0.827805  0.894232  1.52174  0.799002  1.40825  0.802844  0.916706  0.922594
20  15  0.800168  0.758579  1.62246  0.78051  1.48878  0.76233  0.916641  0.83466
20  20  0.792173  0.658214  1.69886  0.744841  1.52473  0.708554  0.952264  0.749333
20  25  0.797933  0.570205  1.78493  0.682047  1.5859  0.62596  0.978625  0.696293
20  30  0.797476  0.497347  1.83367  0.603827  1.6106  0.538801  0.983902  0.690832
20  35  0.7758  0.445044  1.82973  0.531101  1.6289  0.462359  0.950701  0.716121
20  40  0.70239  0.412907  1.8651  0.485006  1.60816  0.420697  0.923533  0.666864
20  45  0.648945  0.381502  1.81908  0.447456  1.56528  0.398573  0.890266  0.624305
20  50  0.598952  0.361689  1.64615  0.425127  1.33005  0.361008  0.782157  0.528022
20  55  2.83966  2.7767  2.77027  0.25  2.61337  3.55833  2.46998  2.13335
25  -55  2.40902  2.74765  1.67135  2.07333  1.40345  1.99862  2.89544  2.46599
25  -50  0.469001  1.3762  0.496541  0.5347  0.496817  0.520882  0.454832  1.53916
25  -45  0.431976  1.60187  0.47023  0.50499  0.5353  0.577646  0.528934  1.6651
25  -40  0.520129  1.68193  0.55011  0.548281  0.609498  0.634022  0.596587  1.68827
25  -35  0.607667  1.66187  0.627621  0.59184  0.639876  0.681947  0.675869  1.64284
25  -30  0.695551  1.61742  0.651592  0.630577  0.64635  0.72802  0.73183  1.60841
25  -25  0.750529  1.64292  0.691961  0.667273  0.681304  0.759725  0.783858  1.56762
25  -20  0.78637  1.58834  0.77272  0.683707  0.755448  0.774043  0.795599  1.52425
25  -15  0.802367  1.49611  0.888307  0.701738  0.848268  0.790145  0.81729  1.41
25  -10  0.825232  1.4022  1.02829  0.718732  0.971389  0.793974  0.842336  1.33227
25  -5  0.83456  1.26474  1.16837  0.730896  1.0964  0.779938  0.84591  1.22532
25  0  0.817895  1.12953  1.28314  0.723383  1.1948  0.77228  0.87391  1.09032
25  5  0.810367  0.973795  1.43186  0.721113  1.32525  0.748363  0.879929  0.985533
25  10  0.806892  0.829491  1.58636  0.72303  1.43458  0.720046  0.902131  0.881949
25  15  0.786115  0.688042  1.66114  0.695042  1.51997  0.672783  0.919529  0.75552
25  20  0.790281  0.578936  1.79974  0.644052  1.60467  0.620664  0.952765  0.681475
25  25  0.800666  0.487635  1.8412  0.581291  1.62958  0.542938  0.977615  0.640908
25  30  0.7829  0.441781  1.88807  0.525113  1.61022  0.478775  0.949847  0.644666
25  35  0.728771  0.408236  1.88259  0.486454  1.6366  0.444703  0.940754  0.660576
25  40  0.669348  0.372145  1.86251  0.454688  1.56093  0.407121  0.890362  0.62722
25  45  0.598409  0.353027  1.72671  0.40504  1.41538  0.372718  0.82816  0.591837
25  50  0.858013  0.516581  1.83188  0.714539  1.57458  0.449493  0.868723  0.573602
25  55  3.76517  4.60266  0.25  0.25  0.670157  1.50986  1.62334  1.16402
30  -55  0.25  1.05663  0.413544  0.403273  2.33195  1.73224  2.18943  2.88445
30  -50  1.24018  2.5359  1.21377  2.58597  0.963543  1.16724  1.54193  2.17147
30  -45  0.401809  1.46256  0.428385  0.461899  0.473799  0.546307  0.505959  1.47144
30  -40  0.448511  1.60174  0.492828  0.510891  0.559863  0.613448  0.560321  1.6073
30  -35  0.54712  1.60521  0.597584  0.571804  0.607231  0.683046  0.634319  1.63622
30  -30  0.61984  1.59878  0.625684  0.611874  0.609834  0.720482  0.68276  1.57898
30  -25  0.681689  1.58742  0.645408  0.658601  0.626113  0.766208  0.743505  1.54332
30  -20  0.720108  1.52239  0.735647  0.666425  0.704198  0.775123  0.768956  1.50305
30  -15  0.733926  1.47914  0.835867  0.670472  0.795588  0.760243  0.777498  1.37734
30  -10  0.765809  1.37046  0.993458  0.673585  0.918815  0.757217  0.806508  1.2866
30  -5  0.7817  1.22254  1.16531  0.659026  1.06372  0.738589  0.840752  1.17805
30  0  0.7838  1.04754  1.2813  0.650187  1.2054  0.730479  0.861284  1.03314
30  5  0.785394  0.909993  1.42328  0.660489  1.32339  0.711565  0.889753  0.931412
30  10  0.806948  0.724082  1.59395  0.642636  1.43593  0.662895  0.932598  0.786738
30  15  0.805669  0.58383  1.73146  0.602588  1.53864  0.624177  0.957037  0.68635
30  20  0.803836  0.499333  1.81317  0.554362  1.59573  0.574998  0.984777  0.615069
30  25  0.792111  0.434561  1.85926  0.519589  1.63322  0.516765  0.976071  0.58458
30  30  0.746505  0.397479  1.89294  0.488192  1.62604  0.47599  0.925237  0.598936
30  35  0.700978  0.372922  1.88578  0.462005  1.60755  0.445078  0.922381  0.615376
30  40  0.620568  0.34943  1.75485  0.416789  1.42991  0.400727  0.853537  0.578234
30  45  0.598555  0.317446  1.65954  0.395683  1.20734  0.381061  0.826438  0.559897
30  50  3.16492  2.67503  3.3844  0.25  2.55479  2.76274  2.04874  1.58318
30  55  4.95106  4.33385  3.92537  0.25  4.12813  3.9753  3.73993  2.5663
35  -55  4.70343  4.12168  4.90043  4.74311  1.83278  0.875318  1.88058  1.66661
35  -50  3.52922  3.66145  4.94726  4.97962  1.54189  3.00342  2.23709  2.72499
35  -45  0.936806  1.91579  0.954384  0.877356  1.22143  0.954998  1.02372  1.62167
35  -40  0.400848  1.38592  0.473831  0.484485  0.497484  0.573764  0.547974  1.40527
35  -35  0.49051  1.49892  0.557578  0.539218  0.548011  0.648463  0.627464  1.52277
35  -30  0.575061  1.53804  0.60066  0.601092  0.57821  0.697348  0.682065  1.52416
35  -25  0.625676  1.53157  0.605135  0.640928  0.588574  0.738132  0.728265  1.46523
35  -20  0.674295  1.47001  0.659182  0.640674  0.635652  0.756009  0.767321  1.41754
35  -15  0.707358  1.41852  0.762398  0.63938  0.726228  0.73704  0.797356  1.31364
35  -10  0.740468  1.336  0.921595  0.627381  0.855795  0.728385  0.837052  1.22288
35  -5  0.784002  1.18315  1.1322  0.626688  1.03127  0.720495  0.859243  1.09568
35  0  0.789388  0.976673  1.25652  0.606564  1.13007  0.70327  0.903178  0.939323
35  5  0.798756  0.800011  1.44152  0.599777  1.32673  0.693242  0.94164  0.812893
35  10  0.802444  0.625367  1.63607  0.582374  1.4674  0.65026  0.968564  0.682933
35  15  0.813728  0.485872  1.73335  0.543792  1.54976  0.605563  0.97452  0.601014
35  20  0.780659  0.425004  1.81008  0.511588  1.60629  0.575906  0.988937  0.557703
35  25  0.747184  0.39052  1.88422  0.494594  1.64187  0.511107  0.948915  0.562745
35  30  0.699323  0.358405  1.90726  0.457762  1.63017  0.485931  0.926267  0.592191
35  35  0.638166  0.344707  1.81906  0.437132  1.45138  0.435844  0.902158  0.587866
35  40  0.581655  0.314666  1.6629  0.398177  1.25598  0.374166  0.836716  0.508246
35  45  1.39156  1.20736  2.51629  1.6674  1.3585  0.484441  1.03383  0.645667
35  50  2.58941  1.95793  3.86365  3.11285  4.05288  4.72208  3.27815  1.74418
35  55  2.37747  2.05459  4.24801  3.05223  0.25  3.89128  4.92872  3.19504
40  -55  1.4084  3.87993  1.81537  2.06011  2.87435  1.90864  4.9308  2.83903
40  -50  4.63231  4.40613  0.25  0.25  3.12111  2.05913  3.76574  1.95499
40  -45  4.26699  4.00129  4.85287  2.60763  4.38535  0.25  3.47853  2.43241
40  -40  1.01575  1.56304  0.872872  0.840694  0.689891  0.67657  0.728483  1.36454
40  -35  0.434149  1.34245  0.491148  0.499018  0.489805  0.607427  0.611402  1.35845
40  -30  0.514303  1.39631  0.549584  0.55725  0.528733  0.644148  0.677968  1.36277
40  -25  0.601132  1.40066  0.55492  0.623329  0.553335  0.68929  0.736996  1.36733
40  -20  0.66284  1.35713  0.567452  0.61859  0.579586  0.715408  0.801248  1.31438
40  -15  0.701757  1.32063  0.649504  0.597513  0.654295  0.694858  0.831022  1.23014
40  -10  0.736913  1.23084  0.819158  0.588807  0.778018  0.682708  0.875543  1.12137
40  -5  0.790978  1.09689  1.04799  0.583171  0.951266  0.669863  0.936512  0.983136
40  0  0.793613  0.878292  1.21198  0.564001  1.11428  0.642647  0.95766  0.828203
40  5  0.774991  0.640063  1.41873  0.536007  1.29461  0.633597  0.985393  0.689131
40  10  0.769417  0.489605  1.61625  0.526658  1.45514  0.597243  0.981573  0.579436
40  15  0.743062  0.399336  1.69796  0.503395  1.52831  0.57397  0.982186  0.540641
40  20  0.721662  0.363703  1.76492  0.4924  1.58017  0.527608  0.93452  0.53266
40  25  0.681839  0.334006  1.83615  0.461705  1.59286  0.490372  0.89395  0.541494
40  30  0.642067  0.315885  1.7293  0.425127  1.4676  0.457729  0.862823  0.549378
40  35  0.612176  0.299084  1.58726  0.382544  1.24519  0.406706  0.829134  0.52011
40  40  1.47993  1.45004  2.25247  1.61438  1.29788  0.455272  0.991673  0.622175
40  45  4.3338  2.45747  3.80249  4.43606  3.68833  0.25  3.63828  3.04005
40  50  3.75721  3.94282  0.25  0.25  4.25513  0.25  4.25565  2.42714
40  55  3.11765  3.23243  2.77907  2.18833  0.25  0.25  4.61154  3.34031
45  -55  2.91981  3.99087  1.73741  2.5262  3.8426  0.25  4.13661  2.4001
45  -50  0.737628  1.44293  0.761908  1.24231  4.26914  0.25  3.68374  3.0556
45  -45  4.37324  4.06378  0.25  3.18027  1.19964  1.13992  1.80857  1.48473
45  -40  2.92919  3.94351  3.2271  0.25  3.70709  4.08064  3.77939  1.96659
45  -35  0.934893  1.56154  0.972904  1.03694  0.830581  0.805695  0.990239  1.26786
45  -30  0.53162  1.19695  0.514044  0.521374  0.474052  0.596056  0.665501  1.19685
45  -25  0.603728  1.1738  0.499371  0.566294  0.493546  0.629634  0.712055  1.17628
45  -20  0.67651  1.24899  0.508051  0.592632  0.518218  0.675599  0.805229  1.18044
45  -15  0.73669  1.25898  0.561831  0.579583  0.575335  0.669251  0.853212  1.14943
45  -10  0.750184  1.25367  0.691565  0.561937  0.702608  0.65318  0.89468  1.07386
45  -5  0.790587  1.13605  0.930783  0.54481  0.905977  0.623714  0.955863  0.90408
45  0  0.750501  0.838665  1.21846  0.523972  1.11808  0.600087  0.967039  0.740694
45  5  0.740353  0.562556  1.44073  0.520072  1.33074  0.59007  0.959662  0.605821
45  10  0.71505  0.406878  1.62976  0.505035  1.49216  0.553669  0.931844  0.54243
45  15  0.705519  0.337751  1.69551  0.485959  1.52164  0.523344  0.890007  0.512889
45  20  0.651365  0.322412  1.72078  0.467467  1.47183  0.49102  0.866575  0.519633
45  25  0.625564  0.285197  1.62114  0.441846  1.37975  0.463543  0.823707  0.498577
45  30  0.610818  0.292398  1.60742  0.423644  1.24682  0.438918  0.82498  0.514474
45  35  2.14103  1.73119  2.43238  1.48466  1.46893  0.678092  1.14777  0.673159
45  40  2.87511  3.45643  4.6326  0.25  3.34463  3.9753  1.96258  1.90518
45  45  4.23987  4.10562  4.8445  3.20539  0.25  3.45801  3.00543  1.86678
45  50  3.31293  0.25  4.48689  4.08471  2.72738  2.30152  2.69172  2.31152
45  55  3.66529  4.30571  4.00068  1.95572  2.24548  3.42854  3.97594  3.62576
50  -55  0.25  0.25  0.25  0.25  0.698661  0.751168  0.627859  0.730321
50  -50  2.76547  1.60015  2.87499  0.25  2.97346  0.25  3.45897  2.18832
50  -45  3.2575  3.89472  0.25  0.25  1.7687  2.01649  0.25  2.0634
50  -40  4.72594  4.27299  0.25  0.25  4.50736  0.25  0.25  2.66346
50  -35  1.91493  4.32625  1.87297  1.83799  3.10061  3.41851  2.59735  3.18054
50  -30  1.86667  1.73456  2.70118  2.60774  1.27064  1.08672  1.64253  1.81163
50  -25  0.783217  1.09003  0.707538  0.65839  0.359071  0.696284  0.824055  1.04741
50  -20  0.644465  1.04449  0.442342  0.487521  0.438577  0.55845  0.747002  0.974508
50  -15  0.630893  1.09506  0.419167  0.49241  0.472051  0.596931  0.76381  0.977186
50  -10  0.660839  1.18088  0.50994  0.497531  0.564917  0.572282  0.836639  0.945701
50  -5  0.675946  1.18007  0.735937  0.49475  0.762146  0.554643  0.854711  0.800777
50  0  0.657943  0.737882  1.07338  0.473575  1.01681  0.528406  0.849887  0.650435
50  5  0.627088  0.402271  1.32691  0.4605  1.22943  0.514043  0.819118  0.527669
50  10  0.616088  0.324565  1.44778  0.448401  1.32592  0.490544  0.811181  0.468381
50  15  0.565369  0.290082  1.39646  0.421667  1.31982  0.469835  0.780293  0.473825
50  20  0.609215  0.253455  1.47147  0.449199  1.25091  0.436513  0.762777  0.462389
50  25  0.976977  0.696229  1.85906  0.780453  1.28759  0.536743  0.916913  0.362199
50  30  2.78605  3.18918  3.83861  4.3667  1.47467  0.886604  1.22602  1.01921
50  35  3.95079  2.7157  0.25  4.09545  1.00483  0.738628  1.02395  1.25377
50  40  0.25  0.25  0.25  0.25  0.25  0.25  0.25  0.418233
50  45  0.25  0.25  0.320001  0.286319  0.25  3.59909  0.25  3.64242
50  50  0.25  0.289853  0.899491  0.495753  2.62075  0.25  0.25  3.62252
50  55  2.02102  1.06635  4.53445  1.34626  3.15392  2.19833  0.25  2.03518
55  -55  2.99912  0.25  3.58845  2.98881  1.84389  2.46293  0.25  2.34192
55  -50  0.25  0.25  0.416187  0.25  0.25  4.40919  2.96697  1.98892
55  -45  0.25  0.25  0.25  0.25  0.25  2.05662  3.9697  2.52836
55  -40  4.32259  0.25  4.12883  3.94263  1.71436  4.01166  0.25  3.62391
55  -35  0.25  1.30852  0.25  0.25  0.25  0.25  0.25  0.25
55  -30  0.25  0.25  0.309167  0.25  0.25  0.25  0.25  0.25
55  -25  4.95476  0.25  4.76699  3.58008  0.856153  1.12236  1.51845  2.30907
55  -20  2.10629  3.27182  0.25  4.18564  0.25  0.348622  0.478262  0.799454
55  -15  1.57641  2.20423  2.58326  2.12775  0.366684  0.503012  0.720716  0.862182
55  -10  0.631979  1.19292  0.475258  0.464298  0.337056  0.409117  0.603146  0.673639
55  -5  0.535023  1.0256  0.493828  0.352633  0.625825  0.542791  0.80717  0.764529
55  0  0.647412  0.481008  0.972036  0.369694  0.924557  0.370671  0.522498  0.593285
55  5  0.780388  0.512778  1.123  0.557197  1.19676  0.453489  0.740194  0.431908
55  10  0.957638  0.646091  1.83063  0.782163  0.908953  0.387574  0.543419  0.343316
55  15  1.44115  1.99068  2.25171  1.01331  1.12497  0.410265  0.69548  0.377581
55  20  1.10857  0.343615  2.20909  0.688726  0.25  0.25  0.25  3.62993
55  25  0.980662  0.466606  2.91093  0.82855  0.25  0.25  0.25  3.63409
55  30  0.729954  0.466183  1.20452  0.467814  0.25  0.25  0.25  0.25
55  35  2.80555  0.25  0.25  2.34557  0.438842  0.422611  0.495744  0.900773
55  40  0.25  0.25  0.413544  0.25  0.25  0.25  0.25  0.25
55  45  0.25  0.25  0.25  0.25  0.25  0.25  0.25  0.25
55  50  4.59291  2.33303  0.25  0.25  0.297346  0.25  0.25  0.25
55  55  4.64152  2.40911  2.61603  2.43588  4.10133  1.20513  2.14906  1.73909
