-55  -55  0.707185  0.1  0.1  0.413116  0.1  0.1  0.1  0.1
-55  -50  0.1  0.1  0.1  0.1  0.1  0.296976  1.05436  0.1
-55  -45  0.1  0.1  0.1  0.1  0.1  0.1  0.1  0.1
-55  -40  0.1  0.1  0.1  0.1  0.1  0.1  0.1  0.1
-55  -35  0.1  0.1  0.1  0.1  0.1  0.1  0.1  0.1
-55  -30  0.1  0.1  0.1  0.1  0.1  0.1  0.1  0.1
-55  -25  3.71777  0.603176  1.50426  1.04263  0.1  0.1  0.1  0.1
-55  -20  1.68579  0.482541  0.503081  0.694428  0.72735  0.607152  2.46642  0.476334
-55  -15  1.33511  0.323609  0.338807  0.254881  0.686436  0.277178  1.44483  0.657729
-55  -10  1.52337  0.364519  0.439139  0.409734  0.51855  0.251267  0.977464  0.406764
-55  -5  0.969489  0.269665  0.301516  0.42255  0.448524  0.298805  0.776033  0.385986
-55  0  0.999341  0.312406  0.540805  1.04679  0.437008  0.658469  0.676119  0.508912
-55  5  0.495239  0.285532  0.300639  1.12152  0.366611  0.855654  0.379768  0.391723
-55  10  0.471964  0.360214  0.346139  1.67307  0.431474  1.06122  0.324572  0.363538
-55  15  0.417725  0.399342  0.423219  1.97972  1.17285  2.99019  0.772511  0.911128
-55  20  0.191726  0.328515  0.464229  1.95738  0.598245  1.8356  0.529053  0.783044
-55  25  0.843234  0.947848  0.828838  2.80525  0.1  0.1  0.1  0.1
-55  30  0.1  0.1  0.1  0.1  0.1  0.1  0.1  0.1
-55  35  0.1  0.1  0.1  0.1  0.1  0.1  0.1  0.1
-55  40  0.1  0.1  0.1  0.1  0.1  0.1  0.1  0.1
-55  45  0.1  0.1  0.1  0.1  0.1  0.1  0.1  0.1
-55  50  0.1  0.1  0.1  0.1  2.88758  1.48111  6.564  2.07358
-55  55  0.1  0.1  0.1  0.1  0.1  0.1  0.1  0.1
-50  -55  0.1  0.1  0.1  0.1  0.1  0.306404  0.1  0.1
-50  -50  0.1  0.1  0.1  0.1  0.1  0.1  0.1  0.1
-50  -45  0.1  0.1  0.1  0.1  0.1  0.151788  0.1  0.1
-50  -40  1.41437  0.1  0.1  0.1  0.1  0.1  0.1  0.1
-50  -35  0.707185  0.1  0.1  0.1  2.6821  0.1  5.22592  5.2916
-50  -30  1.86562  0.218382  0.541363  0.306886  0.82736  0.19987  1.39895  0.473565
-50  -25  1.30634  0.26525  0.334946  0.229923  0.436664  0.205573  1.09703  0.309454
-50  -20  1.71403  0.312809  0.409407  0.317986  0.621662  0.316044  1.46178  0.548412
-50  -15  1.71814  0.384778  0.471613  0.363436  0.595727  0.328433  1.3989  0.553417
-50  -10  1.66447  0.432333  0.490556  0.462833  0.654543  0.420873  1.4087  0.553174
-50  -5  1.39944  0.397185  0.466546  0.680092  0.621525  0.610372  1.24977  0.592993
-50  0  1.1217  0.436296  0.494688  1.28482  0.584596  0.972236  0.962641  0.648072
-50  5  0.756547  0.402158  0.468966  1.60897  0.591532  1.25936  0.656397  0.647454
-50  10  0.541795  0.440702  0.477793  1.78313  0.569592  1.47715  0.531389  0.589046
-50  15  0.439946  0.409567  0.469128  1.87285  0.53897  1.40424  0.492854  0.586816
-50  20  0.380229  0.282922  0.43203  1.66086  0.523525  1.29015  0.446582  0.635503
-50  25  0.342024  0.381959  0.341175  1.74542  0.419711  0.915837  0.389948  0.448538
-50  30  0.507153  0.509037  0.549105  2.24794  0.418226  0.882444  0.481298  0.462141
-50  35  0.160295  0.1  0.1  0.565575  0.1  0.1  0.1  0.1
-50  40  0.32059  0.435148  0.136479  0.834101  0.824632  2.78309  1.77631  1.62078
-50  45  0.1  0.1  0.1  0.1  0.1  0.1  0.1  0.1
-50  50  0.888359  0.771203  0.777035  2.62034  0.249117  0.317718  0.34365  0.290785
-50  55  0.1  0.1  0.1  0.1  0.1  0.1  0.1  0.1
-45  -55  4.2357  2.48487  2.99856  4.32887  0.1  0.1  0.1  0.1
-45  -50  4.068  0.686112  1.12072  0.782953  0.1  0.1  0.1  0.1
-45  -45  3.39179  0.476078  0.864701  0.845904  0.1  0.1  0.1  0.1
-45  -40  1.43255  0.192801  0.245065  0.1  0.1  0.1  0.1  0.1
-45  -35  1.77598  0.274324  0.430241  0.295607  1.10945  0.406228  2.58696  0.631501
-45  -30  1.71903  0.333231  0.427809  0.297346  0.600499  0.299475  1.66823  0.420092
-45  -25  1.83607  0.374982  0.485025  0.347508  0.633985  0.319031  1.67889  0.460193
-45  -20  1.80975  0.386937  0.500454  0.411858  0.702235  0.388966  1.66672  0.548637
-45  -15  1.84349  0.430323  0.52941  0.47097  0.735889  0.439914  1.65909  0.587864
-45  -10  1.73675  0.482704  0.536212  0.628613  0.71868  0.611823  1.54152  0.638168
-45  -5  1.46339  0.451924  0.546844  0.99432  0.710389  0.812202  1.41623  0.679789
-45  0  1.22889  0.497456  0.560671  1.35135  0.703559  1.02014  1.16252  0.688235
-45  5  0.91558  0.509839  0.552219  1.57839  0.701812  1.28421  0.842202  0.73529
-45  10  0.699701  0.518213  0.550629  1.87622  0.720078  1.52727  0.66901  0.748355
-45  15  0.571592  0.46086  0.543605  2.0144  0.694296  1.57676  0.589368  0.70483
-45  20  0.476647  0.46967  0.503492  1.8711  0.635085  1.49783  0.562676  0.695988
-45  25  0.425884  0.466532  0.474553  1.88408  0.576986  1.32634  0.55191  0.677412
-45  30  0.424184  0.437512  0.486311  1.79573  0.520984  1.30876  0.547837  0.682331
-45  35  0.358429  0.447643  0.425643  1.66668  0.569438  1.32932  0.701051  0.703355
-45  40  4.59199  3.20653  5.78393  4.4228  2.18114  1.02763  5.41694  2.08396
-45  45  0.1  0.1  0.1  0.1  0.1  0.1  0.1  0.1
-45  50  0.1  0.1  0.1  0.154427  0.1  0.1  0.1  0.1
-45  55  5.02371  0.1  0.1  0.485903  0.1  0.1  0.1  0.1
-40  -55  0.1  0.1  0.1  0.1  1.24831  0.872073  4.23711  0.69927
-40  -50  0.1  0.1  0.1  0.1  1.1383  0.814564  3.51984  0.69927
-40  -45  0.1  0.1  0.1  0.1  1.87292  0.675975  5.12198  0.798275
-40  -40  1.95716  0.307801  0.467384  0.376722  0.493143  0.286606  1.45101  0.354558
-40  -35  1.8222  0.290852  0.484873  0.285688  0.598264  0.339243  1.7904  0.416845
-40  -30  1.93398  0.368058  0.521531  0.359182  0.648685  0.370655  1.83185  0.463326
-40  -25  1.91088  0.422915  0.49474  0.440957  0.694943  0.392025  1.82782  0.525785
-40  -20  1.86831  0.448941  0.524239  0.494057  0.748397  0.451946  1.73492  0.596972
-40  -15  1.88324  0.509342  0.553796  0.595325  0.755322  0.555547  1.66119  0.609686
-40  -10  1.73986  0.513785  0.566116  0.80358  0.743278  0.67478  1.57542  0.645348
-40  -5  1.52136  0.410772  0.557141  1.03658  0.74254  0.906884  1.43267  0.687898
-40  0  1.3225  0.536144  0.590069  1.35784  0.76974  1.04513  1.19823  0.712292
-40  5  1.01264  0.577122  0.574314  1.55972  0.758453  1.22868  0.953474  0.767813
-40  10  0.844641  0.451101  0.595375  1.77618  0.748965  1.40544  0.763085  0.747573
-40  15  0.674557  0.575098  0.596442  1.85547  0.70076  1.48767  0.671366  0.747182
-40  20  0.559047  0.536788  0.573505  1.83389  0.689749  1.56948  0.605062  0.782804
-40  25  0.520456  0.558469  0.57439  1.92121  0.618636  1.42308  0.613112  0.740211
-40  30  0.449641  0.498679  0.538159  1.78032  0.551328  1.2912  0.626965  0.68944
-40  35  0.423831  0.480672  0.455613  1.56722  0.493339  1.22265  0.560561  0.671469
-40  40  0.472414  0.445348  0.460972  1.56857  0.342558  0.776934  0.44829  0.45527
-40  45  0.926075  0.587019  0.582777  4.45772  3.28216  6.02721  2.62186  3.57389
-40  50  0.875562  0.529933  0.742169  2.26919  0.1  0.1  0.1  0.1
-40  55  0.1  0.1  0.1  0.1  0.1  0.1  0.1  0.1
-35  -55  0.1  0.1  0.1  0.1  0.1  0.1  0.1  0.1
-35  -50  0.1  0.1  0.1  0.1  0.238207  0.32746  0.790302  0.373867
-35  -45  1.77371  0.208265  0.453202  0.29424  0.711232  0.461706  2.20386  0.54547
-35  -40  1.86296  0.2782  0.431285  0.335301  0.529612  0.328923  1.53168  0.376396
-35  -35  1.916  0.336024  0.479533  0.372553  0.65097  0.391136  1.89399  0.459264
-35  -30  2.06784  0.312141  0.538141  0.422636  0.700624  0.435259  1.92952  0.544077
-35  -25  1.99743  0.466204  0.553393  0.493824  0.722922  0.480165  1.81483  0.595251
-35  -20  1.86023  0.50881  0.544158  0.553398  0.767687  0.545044  1.77368  0.652031
-35  -15  1.75707  0.55889  0.554814  0.691106  0.751594  0.658194  1.66909  0.689995
-35  -10  1.67862  0.58585  0.558463  0.910692  0.743644  0.791388  1.54368  0.672092
-35  -5  1.46904  0.597534  0.580708  1.10854  0.769438  0.972997  1.43547  0.698993
-35  0  1.3605  0.599762  0.602893  1.32621  0.771201  1.1244  1.24653  0.720957
-35  5  1.12822  0.595952  0.611548  1.53243  0.782044  1.26203  1.06592  0.757889
-35  10  0.977585  0.607559  0.602762  1.70211  0.783671  1.41976  0.883258  0.746087
-35  15  0.764823  0.573224  0.616244  1.72057  0.710931  1.4097  0.749786  0.758621
-35  20  0.654712  0.585663  0.568005  1.78707  0.675805  1.52216  0.669488  0.809002
-35  25  0.593378  0.588419  0.568485  1.85592  0.627333  1.46631  0.652646  0.791898
-35  30  0.528004  0.573033  0.537438  1.81504  0.613318  1.4  0.683003  0.767725
-35  35  0.519002  0.562309  0.500704  1.72095  0.549754  1.37121  0.70246  0.756255
-35  40  0.477485  0.497029  0.447232  1.53383  0.4628  1.1584  0.637173  0.674154
-35  45  0.485845  0.400502  0.370302  1.39017  0.470934  1.07826  0.699804  0.662852
-35  50  0.851316  0.77228  0.607682  2.88394  0.39186  0.956924  0.60209  0.737349
-35  55  2.06767  1.1525  4.6124  1.98689  0.1  0.1  0.1  0.1
-30  -55  0.1  0.1  0.1  0.1  0.220023  0.498732  0.413879  1.43177
-30  -50  2.84356  0.426224  0.766077  0.703281  0.780992  0.651462  2.86678  1.4294
-30  -45  1.77006  0.23845  0.441096  0.377111  0.498188  0.357052  1.71412  0.35031
-30  -40  1.95414  0.32515  0.512414  0.398754  0.61483  0.388254  1.76262  0.437909
-30  -35  1.98271  0.401851  0.533522  0.417212  0.67732  0.452312  1.87764  0.493503
-30  -30  2.07874  0.470165  0.54457  0.493435  0.714482  0.515652  1.85311  0.577039
-30  -25  1.99539  0.524133  0.558707  0.570845  0.732525  0.569413  1.77824  0.639746
-30  -20  1.76459  0.599915  0.55602  0.659197  0.757887  0.651562  1.74147  0.688667
-30  -15  1.82506  0.624857  0.601997  0.808146  0.763039  0.753589  1.61685  0.681912
-30  -10  1.70583  0.678243  0.623614  1.03469  0.755432  0.901637  1.51853  0.747145
-30  -5  1.53095  0.630579  0.627001  1.18314  0.767296  1.04778  1.3571  0.754247
-30  0  1.37953  0.661311  0.650151  1.34112  0.76328  1.15853  1.27442  0.752294
-30  5  1.21195  0.66184  0.648809  1.49219  0.74429  1.3336  1.08667  0.737003
-30  10  1.03991  0.654566  0.661825  1.70393  0.736612  1.44621  0.948653  0.784967
-30  15  0.843742  0.657454  0.663519  1.78718  0.703458  1.5238  0.809477  0.805568
-30  20  0.709514  0.629501  0.639303  1.7612  0.698918  1.5005  0.717984  0.829019
-30  25  0.676737  0.618292  0.593612  1.84503  0.634082  1.45458  0.675376  0.792416
-30  30  0.576317  0.608309  0.56129  1.78107  0.575516  1.40469  0.719837  0.793433
-30  35  0.556064  0.571364  0.517199  1.70734  0.571296  1.35407  0.770747  0.789475
-30  40  0.55565  0.525901  0.463387  1.58506  0.508923  1.23294  0.708902  0.715065
-30  45  0.492293  0.521722  0.39597  1.38869  0.417083  1.11932  0.710508  0.592767
-30  50  0.479875  0.503365  0.336715  1.34787  1.21831  0.535029  0.880194  0.616188
-30  55  0.105741  0.119558  0.1  0.285247  0.1  0.1  0.1  0.1
-25  -55  1.60026  0.375908  0.353651  0.480001  0.1  0.1  0.1  0.1
-25  -50  1.46904  0.200038  0.366241  0.293473  0.500562  0.330337  1.4486  0.342506
-25  -45  1.90561  0.210911  0.503018  0.379444  0.571892  0.434056  1.72277  0.406638
-25  -40  1.96516  0.384098  0.522356  0.426541  0.656035  0.471412  1.87187  0.48208
-25  -35  1.9537  0.454547  0.558553  0.482981  0.68914  0.518369  1.84344  0.58812
-25  -30  2.0032  0.555944  0.562649  0.56272  0.729491  0.566425  1.80782  0.650402
-25  -25  1.93671  0.612113  0.58118  0.644015  0.711104  0.657743  1.73983  0.71248
-25  -20  1.83821  0.664702  0.600138  0.69692  0.752056  0.751334  1.69057  0.746608
-25  -15  1.74401  0.693564  0.644793  0.900575  0.766573  0.842777  1.56979  0.768241
-25  -10  1.57304  0.741921  0.640988  1.08327  0.777642  0.950859  1.48105  0.814193
-25  -5  1.39046  0.726886  0.654282  1.18635  0.765328  1.08791  1.37478  0.78557
-25  0  1.35627  0.705944  0.687199  1.34703  0.758949  1.17885  1.25977  0.812635
-25  5  1.18901  0.706696  0.727637  1.45881  0.759111  1.31083  1.10875  0.803341
-25  10  1.07436  0.697231  0.729105  1.65052  0.769434  1.4143  1.00342  0.806847
-25  15  0.922772  0.681298  0.729872  1.76328  0.719601  1.52427  0.854085  0.80301
-25  20  0.790888  0.646822  0.670678  1.72198  0.699421  1.50568  0.783374  0.81126
-25  25  0.702478  0.658839  0.645773  1.84927  0.624223  1.46852  0.706114  0.857053
-25  30  0.635467  0.623109  0.625319  1.79659  0.583405  1.38558  0.723183  0.816142
-25  35  0.590347  0.593357  0.545129  1.64888  0.56012  1.34228  0.767253  0.794425
-25  40  0.587654  0.56189  0.498619  1.51814  0.524281  1.22988  0.798938  0.76148
-25  45  0.557723  0.426543  0.435746  1.34704  0.490308  1.12198  0.755443  0.704858
-25  50  0.495153  0.413167  0.340121  1.17883  0.391662  0.797557  0.594026  0.532996
-25  55  4.10975  7.75512  4.16411  3.56853  0.1  0.1  0.1  0.1
-20  -55  1.7976  0.355443  0.374571  0.385575  0.651887  0.441222  2.61811  0.377329
-20  -50  1.55325  0.254698  0.401364  0.377606  0.52875  0.419156  1.51045  0.389505
-20  -45  1.81774  0.346823  0.503601  0.420102  0.605543  0.444254  1.75587  0.495289
-20  -40  1.87928  0.444525  0.534896  0.456714  0.658063  0.522374  1.77311  0.586721
-20  -35  1.87028  0.569774  0.53417  0.489895  0.701326  0.586049  1.74926  0.68741
-20  -30  1.91092  0.669767  0.561549  0.589654  0.721392  0.632335  1.75226  0.753568
-20  -25  1.86696  0.731402  0.57829  0.671726  0.741352  0.711845  1.72191  0.794517
-20  -20  1.74694  0.73717  0.590407  0.755216  0.731762  0.792624  1.61462  0.844904
-20  -15  1.71791  0.731786  0.673637  0.888486  0.767232  0.897498  1.58748  0.827634
-20  -10  1.54664  0.823559  0.702564  1.11064  0.777477  0.984984  1.4433  0.847022
-20  -5  1.3741  0.81065  0.675495  1.17789  0.765959  1.09367  1.33976  0.87722
-20  0  1.31861  0.757404  0.725235  1.26883  0.805677  1.20954  1.22264  0.83117
-20  5  1.19052  0.786172  0.755893  1.44108  0.842465  1.33254  1.1372  0.851916
-20  10  1.04987  0.704226  0.750407  1.48515  0.816623  1.36393  1.00546  0.819359
-20  15  0.952212  0.701626  0.749949  1.61104  0.814182  1.47854  0.885685  0.85672
-20  20  0.82009  0.698516  0.73123  1.69585  0.766246  1.52942  0.798873  0.845432
-20  25  0.696668  0.670363  0.724543  1.72296  0.726666  1.45205  0.749741  0.858103
-20  30  0.67795  0.638295  0.671023  1.79758  0.649821  1.46475  0.755741  0.863039
-20  35  0.653361  0.61784  0.613158  1.60699  0.576413  1.29983  0.81256  0.818889
-20  40  0.610165  0.532156  0.546715  1.54612  0.532519  1.2183  0.780128  0.751004
-20  45  0.595268  0.5338  0.472984  1.42649  0.48511  1.1522  0.786218  0.698819
-20  50  0.630398  0.450617  0.413018  1.2918  0.416121  0.993847  0.781417  0.60346
-20  55  1.28371  0.871589  0.676419  3.02952  0.1  0.1  0.1  0.1
-15  -55  1.90729  0.405212  0.479558  0.433968  0.389132  0.21684  0.57119  0.329557
-15  -50  1.65299  0.186786  0.471838  0.416795  0.557272  0.4717  1.51924  0.486656
-15  -45  1.87799  0.444587  0.526224  0.460992  0.604252  0.502703  1.69533  0.576264
-15  -40  1.88201  0.607715  0.56095  0.506626  0.679245  0.55537  1.73983  0.680701
-15  -35  1.84572  0.649357  0.57323  0.537712  0.694203  0.601575  1.71023  0.787104
-15  -30  1.85532  0.792251  0.586764  0.612634  0.687486  0.679613  1.62255  0.866316
-15  -25  1.76438  0.856935  0.602904  0.711628  0.741435  0.752325  1.55825  0.898565
-15  -20  1.59654  0.87355  0.645476  0.730506  0.757317  0.817212  1.57681  0.941469
-15  -15  1.53536  0.912261  0.683578  0.922311  0.799351  0.895795  1.46102  0.923397
-15  -10  1.49588  0.932742  0.713245  1.05346  0.815161  0.992076  1.41463  0.9345
-15  -5  1.34724  0.847072  0.735876  1.15279  0.821404  1.1196  1.26291  0.9057
-15  0  1.28133  0.830003  0.793206  1.28714  0.842663  1.17853  1.1909  0.901113
-15  5  1.16205  0.805489  0.813925  1.41052  0.832759  1.25353  1.0532  0.833427
-15  10  1.07528  0.78695  0.828098  1.51274  0.893058  1.33615  0.975849  0.851805
-15  15  0.937624  0.736282  0.86217  1.54705  0.874571  1.42188  0.913036  0.847114
-15  20  0.821094  0.695338  0.84788  1.63642  0.852897  1.4362  0.829732  0.831861
-15  25  0.788406  0.680693  0.831155  1.69595  0.832507  1.42464  0.752619  0.833447
-15  30  0.691844  0.630496  0.765449  1.65039  0.738302  1.36378  0.767424  0.840168
-15  35  0.64063  0.595791  0.713954  1.56037  0.651574  1.27979  0.812369  0.812489
-15  40  0.678062  0.612673  0.636616  1.551  0.580668  1.21461  0.827378  0.785237
-15  45  0.679408  0.547709  0.544666  1.4707  0.485125  1.12925  0.812775  0.720531
-15  50  0.580246  0.439702  0.421591  1.24928  0.395275  1.01058  0.743985  0.662682
-15  55  0.67306  0.565571  0.421392  1.27979  0.1  0.1  0.1  0.1
-10  -55  1.41872  0.352892  0.445381  0.373505  0.504469  0.459  1.52128  0.510526
-10  -50  1.6252  0.490937  0.493983  0.394616  0.577215  0.498881  1.45722  0.641176
-10  -45  1.69546  0.65682  0.545896  0.478046  0.65782  0.532268  1.60871  0.758602
-10  -40  1.74193  0.790571  0.557764  0.501399  0.658937  0.591879  1.51103  0.853698
-10  -35  1.66704  0.843921  0.598784  0.562991  0.706822  0.656643  1.52573  0.929164
-10  -30  1.73854  0.948592  0.61664  0.663635  0.705332  0.706812  1.53131  0.972258
-10  -25  1.67707  0.999981  0.623213  0.769012  0.735839  0.747565  1.51083  1.01934
-10  -20  1.52101  1.00409  0.669687  0.815128  0.775998  0.830082  1.38189  1.00291
-10  -15  1.51699  1.05007  0.725469  0.931701  0.760698  0.923216  1.37433  0.986139
-10  -10  1.43661  0.998592  0.740816  1.03571  0.809728  0.979909  1.29075  1.01896
-10  -5  1.30149  0.944444  0.747184  1.12985  0.845937  1.06832  1.25612  0.997903
-10  0  1.22337  0.93052  0.824414  1.2325  0.898377  1.16489  1.183  0.937791
-10  5  1.1  0.815411  0.865332  1.23962  0.943701  1.19786  1.04431  0.907497
-10  10  1.01246  0.785679  0.964335  1.36563  0.943826  1.27532  0.984247  0.865721
-10  15  0.936668  0.807725  0.973665  1.50742  0.988239  1.34444  0.865868  0.836008
-10  20  0.829365  0.690417  0.921424  1.51506  0.978921  1.35219  0.849506  0.856994
-10  25  0.811166  0.661154  0.958972  1.58182  0.920065  1.33797  0.789753  0.846569
-10  30  0.720939  0.633145  0.933528  1.56921  0.863358  1.31225  0.79658  0.839697
-10  35  0.700994  0.679646  0.877455  1.53699  0.793203  1.23216  0.833072  0.813195
-10  40  0.694049  0.550226  0.77138  1.46139  0.688349  1.17846  0.873452  0.785546
-10  45  0.696422  0.538617  0.606657  1.3632  0.569365  1.176  0.85617  0.72876
-10  50  0.623403  0.478489  0.495071  1.24642  0.455967  1.0932  0.77427  0.669217
-10  55  0.724747  0.484065  0.480449  1.30839  0.1  0.1  0.1  0.1
-5  -55  1.20584  0.575785  0.377783  0.357944  0.466055  0.431442  1.11734  0.731779
-5  -50  1.35807  0.764047  0.501117  0.420659  0.574712  0.524219  1.27884  0.886115
-5  -45  1.46919  0.896696  0.547222  0.506483  0.637181  0.569422  1.36446  1.00994
-5  -40  1.48307  0.963974  0.583677  0.511964  0.699615  0.63354  1.39  1.04526
-5  -35  1.48544  0.984678  0.59776  0.532031  0.688817  0.684548  1.43596  1.13474
-5  -30  1.53691  1.08717  0.619258  0.628326  0.717802  0.713589  1.40949  1.10568
-5  -25  1.52413  1.12201  0.660961  0.695708  0.755009  0.785067  1.37656  1.1545
-5  -20  1.44144  1.11164  0.704202  0.770014  0.77605  0.846471  1.33045  1.15978
-5  -15  1.38306  1.11056  0.749504  0.895208  0.809184  0.900343  1.26042  1.11499
-5  -10  1.27224  1.04087  0.748817  0.981251  0.828545  0.954469  1.21261  1.04528
-5  -5  1.23536  1.01268  0.788891  1.05846  0.82684  1.01286  1.13567  1.02846
-5  0  1.10697  0.905909  0.812346  1.113  0.915767  1.06124  1.06819  0.948475
-5  5  1.03152  0.844902  0.950763  1.22248  0.98396  1.15833  1.03266  0.909994
-5  10  0.955539  0.835135  0.974464  1.28946  1.02455  1.21758  0.960295  0.870546
-5  15  0.924937  0.799954  1.0632  1.31289  1.09036  1.21949  0.87914  0.86935
-5  20  0.788348  0.686862  1.03826  1.37278  1.12879  1.28415  0.851517  0.85273
-5  25  0.761383  0.698404  1.09915  1.42141  1.09425  1.29552  0.805635  0.861306
-5  30  0.733821  0.629157  1.08991  1.39939  0.985911  1.20201  0.804651  0.807254
-5  35  0.707879  0.568902  1.04435  1.31108  0.936069  1.10021  0.863859  0.757065
-5  40  0.735013  0.554  0.955026  1.2358  0.868863  1.03424  0.932381  0.73334
-5  45  0.703277  0.514851  0.902812  1.23474  0.744626  1.09288  0.892093  0.700692
-5  50  0.669741  0.476043  0.712897  1.14852  0.565242  1.05781  0.806212  0.652764
-5  55  0.569036  0.372316  0.526376  0.907659  0.1  0.1  0.1  0.1
0  -55  0.911985  1.00808  0.394752  0.37149  0.443826  0.388955  0.753354  0.927526
0  -50  1.04029  1.12992  0.475331  0.410841  0.562747  0.541995  0.978321  1.24981
0  -45  1.18533  1.11871  0.54913  0.466925  0.6408  0.602545  1.17062  1.27843
0  -40  1.29928  1.1728  0.582486  0.512826  0.689863  0.630515  1.18183  1.23461
0  -35  1.32615  1.17688  0.609881  0.553463  0.72063  0.675524  1.29773  1.22189
0  -30  1.35452  1.23449  0.641334  0.625485  0.74133  0.728477  1.23906  1.29792
0  -25  1.33066  1.27634  0.702441  0.675416  0.740114  0.777746  1.27984  1.27904
0  -20  1.29928  1.20852  0.71672  0.740193  0.787456  0.83453  1.26026  1.23441
0  -15  1.2672  1.1988  0.82639  0.830656  0.845515  0.881167  1.18278  1.18467
0  -10  1.2407  1.15119  0.85276  0.88462  0.871043  0.913197  1.14641  1.11741
0  -5  1.11199  1.11587  0.8737  0.929094  0.929968  0.95165  1.07307  1.07723
0  0  1  1  1  1  1  1  1  1
0  5  0.930209  0.911761  1.03952  1.14087  1.06504  1.05486  0.923917  0.920397
0  10  0.914435  0.86514  1.12025  1.21041  1.13238  1.1126  0.901151  0.902986
0  15  0.856441  0.788088  1.16581  1.23806  1.1581  1.11461  0.884154  0.865607
0  20  0.80165  0.756181  1.21179  1.25125  1.18997  1.14339  0.85934  0.819556
0  25  0.795802  0.678298  1.20694  1.2335  1.17653  1.09152  0.807075  0.813332
0  30  0.750267  0.60628  1.20992  1.18073  1.1949  1.03255  0.845158  0.777051
0  35  0.713672  0.578884  1.248  1.13254  1.12066  0.962071  0.903177  0.76809
0  40  0.724586  0.514903  1.21599  1.02705  1.0592  0.893509  0.934538  0.734089
0  45  0.749994  0.465996  1.15677  0.960134  1.01461  0.861818  0.903218  0.65965
0  50  0.659303  0.42282  1.05166  0.761803  0.834413  0.804138  0.820563  0.640675
0  55  0.596093  0.344309  0.861508  0.696715  0.1  0.1  0.1  0.1
5  -55  0.563815  1.11794  0.372009  0.371372  0.479762  0.473737  0.650535  1.37835
5  -50  0.765201  1.34067  0.484142  0.438802  0.558613  0.546438  0.735713  1.50716
5  -45  0.931818  1.36809  0.552283  0.487895  0.64273  0.597327  0.913101  1.57
5  -40  1.03177  1.36141  0.602811  0.470072  0.68103  0.657083  1.03916  1.42362
5  -35  1.12336  1.2959  0.611525  0.526645  0.703859  0.688664  1.08341  1.45982
5  -30  1.22326  1.37088  0.665036  0.619211  0.716508  0.724905  1.12022  1.43677
5  -25  1.22788  1.38491  0.681117  0.6036  0.76357  0.752322  1.10784  1.40574
5  -20  1.17839  1.35991  0.748209  0.723486  0.823563  0.80923  1.09453  1.33129
5  -15  1.13306  1.29099  0.823788  0.782013  0.875639  0.843684  1.1018  1.27664
5  -10  1.11168  1.26605  0.916901  0.798951  0.92563  0.861431  1.0521  1.21495
5  -5  1.07171  1.17823  0.978641  0.850924  1.02212  0.892926  1.03078  1.15649
5  0  0.982365  1.087  1.08152  0.938099  1.06525  0.945286  0.916544  1.05882
5  5  0.892899  0.991859  1.11053  0.98661  1.13603  0.985967  0.873966  1.01323
5  10  0.86865  0.953154  1.19211  1.09116  1.21778  1.04529  0.890735  0.935932
5  15  0.824899  0.821336  1.25501  1.09893  1.28635  1.05136  0.86075  0.909571
5  20  0.783874  0.731376  1.31784  1.10279  1.2899  1.0318  0.882344  0.805515
5  25  0.794077  0.714091  1.39775  1.08696  1.35777  1.01185  0.857821  0.775819
5  30  0.769497  0.589113  1.36354  1.04099  1.34794  0.92035  0.892967  0.75455
5  35  0.752825  0.540639  1.39029  0.847532  1.28922  0.814689  0.919436  0.754335
5  40  0.766928  0.508044  1.44719  0.742739  1.2348  0.680815  0.978956  0.710825
5  45  0.736208  0.408402  1.47713  0.578773  1.28844  0.610354  0.911462  0.669276
5  50  0.649703  0.410609  1.32799  0.492167  1.17044  0.534857  0.799975  0.611485
5  55  0.526366  0.303295  1.17238  0.410417  0.1  0.1  0.1  0.1
10  -55  0.567522  1.44941  0.452412  0.471995  0.412641  0.409167  0.408822  1.38248
10  -50  0.54876  1.4304  0.494606  0.419836  0.545687  0.555392  0.591273  1.68304
10  -45  0.730957  1.49745  0.532479  0.48336  0.59418  0.607056  0.71952  1.73681
10  -40  0.893011  1.4784  0.595883  0.532139  0.683643  0.644202  0.835092  1.56799
10  -35  0.962376  1.4395  0.63783  0.527145  0.685634  0.691689  0.939039  1.54549
10  -30  1.03193  1.51028  0.675589  0.568969  0.700554  0.71735  0.927105  1.45294
10  -25  1.06641  1.50265  0.682536  0.64287  0.752126  0.77662  1.03725  1.50791
10  -20  1.0479  1.45087  0.7525  0.693295  0.830625  0.798174  1.04574  1.43344
10  -15  1.05062  1.40077  0.848408  0.716523  0.884206  0.83153  1.0044  1.34122
10  -10  1.034  1.29572  0.918634  0.740511  1.00283  0.829548  0.971373  1.26072
10  -5  0.991855  1.20033  1.02282  0.880612  1.05764  0.866244  0.984136  1.17226
10  0  0.936741  1.12743  1.13069  0.890268  1.10218  0.908513  0.927934  1.04521
10  5  0.870467  1.02156  1.15202  0.941606  1.2459  0.952081  0.884436  1.00679
10  10  0.848932  0.899111  1.3066  1.00611  1.3275  0.974169  0.891896  0.89668
10  15  0.786165  0.790232  1.3629  0.97754  1.3789  0.974821  0.869238  0.88674
10  20  0.822494  0.740111  1.44564  0.923491  1.43876  0.894814  0.883526  0.769804
10  25  0.760428  0.665789  1.48323  0.855872  1.43793  0.846056  0.88696  0.763096
10  30  0.774  0.59056  1.53165  0.819965  1.47147  0.764802  0.923227  0.718264
10  35  0.748373  0.490248  1.60662  0.636511  1.47349  0.626776  0.945494  0.708707
10  40  0.767723  0.464949  1.6129  0.557305  1.47841  0.514852  0.91149  0.687108
10  45  0.722791  0.427076  1.66346  0.473655  1.47472  0.479873  0.873525  0.64977
10  50  0.590999  0.368113  1.53606  0.392902  1.35344  0.405124  0.762816  0.556573
10  55  0.509809  0.307585  1.3433  0.332811  0.1  0.1  0.1  0.1
15  -55  0.393744  1.46306  0.373931  0.415752  0.371208  0.436508  0.360505  1.31318
15  -50  0.436567  1.42084  0.441879  0.402287  0.526019  0.563148  0.515334  1.7078
15  -45  0.558527  1.62828  0.526375  0.467494  0.61444  0.598042  0.592624  1.78234
15  -40  0.699794  1.60592  0.576215  0.516506  0.639826  0.633228  0.714041  1.65895
15  -35  0.794357  1.54765  0.626191  0.51751  0.688189  0.702865  0.821909  1.68012
15  -30  0.888142  1.57966  0.673022  0.587335  0.68788  0.731535  0.871795  1.57115
15  -25  0.93843  1.57522  0.684073  0.625164  0.732523  0.748041  0.892676  1.55637
15  -20  0.87937  1.47798  0.767  0.62037  0.790124  0.790583  0.918997  1.45564
15  -15  0.959866  1.47605  0.863407  0.70486  0.844315  0.806243  0.936054  1.35141
15  -10  0.963928  1.35185  0.97788  0.746335  0.95595  0.806986  0.957516  1.25764
15  -5  0.92271  1.27793  1.03125  0.76331  1.09061  0.848337  0.914215  1.19611
15  0  0.860876  1.13725  1.17963  0.728447  1.16257  0.848716  0.91287  1.06691
15  5  0.852083  1.0455  1.24542  0.810946  1.29026  0.882226  0.885739  1.02384
15  10  0.848068  0.916874  1.3699  0.833744  1.3409  0.874369  0.889438  0.899662
15  15  0.781698  0.822285  1.4743  0.825504  1.44368  0.824794  0.860765  0.840581
15  20  0.794168  0.704224  1.47995  0.792313  1.50878  0.795012  0.917407  0.755985
15  25  0.77369  0.633473  1.62278  0.752078  1.54467  0.72388  0.912122  0.711486
15  30  0.781744  0.51666  1.67298  0.605355  1.55194  0.604616  0.945998  0.704979
15  35  0.754215  0.454044  1.65646  0.506939  1.5205  0.514123  0.949728  0.70878
15  40  0.739635  0.427185  1.73849  0.431935  1.61393  0.44968  0.952431  0.668758
15  45  0.672065  0.377647  1.66434  0.375693  1.54496  0.402681  0.860256  0.592682
15  50  0.545478  0.254853  1.52477  0.331033  1.35581  0.370245  0.763121  0.529053
15  55  0.436895  0.249289  1.45539  0.302034  0.1  0.1  0.1  0.1
20  -55  0.532072  1.32268  0.565343  0.353608  0.1  0.1  0.1  0.1
20  -50  0.382631  1.35032  0.40635  0.403026  0.479775  0.537964  0.436801  1.67667
20  -45  0.501028  1.65157  0.504679  0.454937  0.590965  0.592895  0.560939  1.75089
20  -40  0.592786  1.65674  0.568926  0.495161  0.626612  0.664354  0.634802  1.69386
20  -35  0.674448  1.56685  0.609346  0.525119  0.663586  0.697503  0.709308  1.63071
20  -30  0.747975  1.61124  0.64443  0.56536  0.660336  0.742541  0.778248  1.6455
20  -25  0.799443  1.51303  0.697448  0.593874  0.71325  0.776327  0.838947  1.5718
20  -20  0.784855  1.49989  0.741991  0.610215  0.805314  0.796575  0.844829  1.49697
20  -15  0.846545  1.48515  0.831365  0.629852  0.860214  0.795861  0.823044  1.35019
20  -10  0.851351  1.36476  0.965924  0.651337  0.994049  0.816636  0.869876  1.19915
20  -5  0.813209  1.22808  1.07262  0.669727  1.13198  0.798467  0.889647  1.17043
20  0  0.837794  1.16151  1.19871  0.687625  1.20487  0.811627  0.864431  1.05133
20  5  0.816322  1.00292  1.25555  0.712826  1.33788  0.820911  0.897701  1.00731
20  10  0.815233  0.887571  1.40472  0.714818  1.43551  0.783719  0.873653  0.884393
20  15  0.79087  0.773708  1.55901  0.657812  1.55108  0.759721  0.889165  0.782144
20  20  0.782574  0.618875  1.58441  0.682682  1.63507  0.720097  0.920738  0.712856
20  25  0.791678  0.57145  1.72145  0.587782  1.5797  0.640496  0.957261  0.664159
20  30  0.762614  0.484062  1.71482  0.493092  1.64082  0.524479  0.961797  0.649196
20  35  0.723259  0.413286  1.76974  0.418721  1.64656  0.459235  0.959236  0.680088
20  40  0.709561  0.393743  1.74711  0.405904  1.63291  0.442572  0.895986  0.652167
20  45  0.612185  0.329059  1.68629  0.380801  1.53581  0.395341  0.850728  0.589553
20  50  0.480929  0.266689  1.654  0.185061  1.03027  0.265633  0.651655  0.396043
20  55  0.744228  0.331316  2.2554  0.580821  0.1  0.1  0.1  0.1
25  -55  0.737493  2.98357  0.918496  4.50985  0.146379  0.1  0.1  0.241629
25  -50  0.282045  1.15579  0.305674  0.31268  0.569151  0.587953  0.511392  1.80107
25  -45  0.437789  1.63776  0.469564  0.415975  0.519027  0.60184  0.516671  1.69779
25  -40  0.532337  1.66172  0.534699  0.471239  0.575623  0.643704  0.588927  1.68699
25  -35  0.592664  1.61549  0.60683  0.522212  0.617918  0.702937  0.635364  1.65278
25  -30  0.652659  1.59466  0.628843  0.534248  0.630278  0.738434  0.711605  1.61988
25  -25  0.751083  1.62674  0.66031  0.598185  0.661214  0.763969  0.762193  1.52223
25  -20  0.740706  1.53042  0.721219  0.596633  0.739619  0.782732  0.802818  1.48481
25  -15  0.788127  1.50067  0.805798  0.603232  0.816849  0.767323  0.785794  1.3339
25  -10  0.792682  1.34994  0.947501  0.633743  0.960303  0.776367  0.829052  1.23741
25  -5  0.839781  1.18371  1.08772  0.603358  1.10547  0.781405  0.820253  1.07774
25  0  0.810106  1.12865  1.23632  0.640498  1.19686  0.77433  0.861774  1.03258
25  5  0.828532  0.99197  1.35168  0.644386  1.34935  0.740523  0.878229  0.936668
25  10  0.784395  0.835107  1.50038  0.628333  1.46568  0.742115  0.910655  0.845223
25  15  0.817461  0.661243  1.63227  0.588839  1.56253  0.669298  0.891715  0.744987
25  20  0.789427  0.561248  1.6391  0.526788  1.6327  0.612212  0.960499  0.611612
25  25  0.755217  0.493217  1.75966  0.494392  1.71421  0.554708  1.00211  0.600655
25  30  0.770071  0.43218  1.77619  0.431646  1.65233  0.486383  0.956218  0.606121
25  35  0.708206  0.36922  1.81293  0.388309  1.67904  0.437678  0.906884  0.63084
25  40  0.661099  0.342198  1.81664  0.300736  1.54683  0.402625  0.886076  0.573446
25  45  0.580373  0.243121  1.63525  0.213344  1.39312  0.373583  0.822891  0.55246
25  50  0.574254  0.324435  1.54855  0.396971  1.5838  0.431078  0.927221  0.666845
25  55  1.01363  0.514854  3.02247  0.511477  0.1  0.1  0.1  0.1
30  -55  0.1  0.1  0.1  0.1  0.531874  1.02763  0.627372  1.89911
30  -50  0.457986  1.92047  0.469409  0.542952  0.876456  1.06094  1.12365  3.14787
30  -45  0.436777  1.51647  0.41381  0.420267  0.498987  0.584211  0.506916  1.60162
30  -40  0.451858  1.57756  0.518295  0.434777  0.517695  0.62472  0.560226  1.6127
30  -35  0.528024  1.55881  0.57842  0.513921  0.58302  0.694871  0.630339  1.61044
30  -30  0.607556  1.56459  0.601401  0.544562  0.597203  0.740812  0.675274  1.54884
30  -25  0.681048  1.54018  0.620747  0.576481  0.612126  0.761955  0.735534  1.49365
30  -20  0.680076  1.50136  0.695632  0.588223  0.668137  0.760406  0.78197  1.40877
30  -15  0.730031  1.46996  0.758206  0.5872  0.770631  0.757397  0.75727  1.28467
30  -10  0.72499  1.33437  0.925668  0.58673  0.917472  0.743747  0.775841  1.24836
30  -5  0.766454  1.19251  1.09224  0.543237  1.04004  0.732546  0.799882  1.03617
30  0  0.77176  1.06008  1.28781  0.587438  1.19667  0.730915  0.833682  0.9606
30  5  0.78261  0.923869  1.40947  0.568057  1.34264  0.687582  0.898937  0.865781
30  10  0.785767  0.738021  1.49466  0.544647  1.49098  0.661343  0.917149  0.748411
30  15  0.789545  0.542453  1.65479  0.504612  1.61439  0.615313  0.943951  0.650111
30  20  0.769857  0.488576  1.75366  0.48938  1.65864  0.564253  0.962513  0.570517
30  25  0.741016  0.398282  1.797  0.43539  1.65327  0.537181  0.945602  0.553048
30  30  0.744522  0.368736  1.77839  0.399207  1.5787  0.487028  0.909232  0.585837
30  35  0.640058  0.347393  1.78257  0.363554  1.62111  0.452049  0.917385  0.578391
30  40  0.607145  0.294679  1.74252  0.340324  1.4532  0.406086  0.829461  0.538694
30  45  0.423755  0.2765  1.56948  0.224171  1.29572  0.406829  0.771176  0.555572
30  50  3.839  2.24037  2.35103  3.28722  1.77837  4.50556  1.51693  1.63463
30  55  0.1  0.1  0.1  0.1  0.1  0.1  0.1  0.1
35  -55  0.1  0.243425  0.1  0.1  0.1  0.1  0.1  0.1
35  -50  0.160295  0.480386  0.17832  0.162296  0.1  0.1  0.1  0.1
35  -45  0.397725  1.36354  0.530177  0.378799  0.810692  0.518799  0.697601  1.29708
35  -40  0.404911  1.29198  0.463792  0.351156  0.469691  0.604949  0.564405  1.35663
35  -35  0.474465  1.46058  0.529544  0.47668  0.527018  0.666217  0.622022  1.50261
35  -30  0.548859  1.46255  0.559296  0.513031  0.527112  0.710994  0.685896  1.51919
35  -25  0.601985  1.47499  0.556157  0.538316  0.55517  0.753375  0.715951  1.39663
35  -20  0.645978  1.42196  0.589022  0.544948  0.605871  0.739399  0.75222  1.30251
35  -15  0.679227  1.34717  0.729602  0.547867  0.689035  0.718761  0.788401  1.21438
35  -10  0.698303  1.27512  0.873454  0.563728  0.85983  0.716336  0.817209  1.08854
35  -5  0.756991  1.12252  1.04611  0.537612  1.0173  0.701933  0.867871  0.98487
35  0  0.765492  0.968878  1.22875  0.537222  1.15031  0.689393  0.894206  0.849584
35  5  0.787529  0.760744  1.40601  0.521058  1.33863  0.664532  0.94543  0.777683
35  10  0.7756  0.593286  1.54171  0.492513  1.49138  0.655312  0.958248  0.638213
35  15  0.751247  0.488669  1.6127  0.471588  1.57082  0.595616  0.98592  0.56978
35  20  0.729045  0.406491  1.76547  0.420467  1.60926  0.570671  0.941146  0.538603
35  25  0.722823  0.366768  1.79098  0.399373  1.69896  0.528694  0.931158  0.538709
35  30  0.677759  0.345701  1.80538  0.383897  1.68288  0.476428  0.896418  0.537769
35  35  0.628743  0.304101  1.70512  0.343458  1.50701  0.449771  0.833044  0.546356
35  40  0.59858  0.25677  1.528  0.230939  1.35713  0.389277  0.834642  0.484602
35  45  0.504009  0.253657  1.48729  0.297221  1.1678  0.325825  0.688906  0.417139
35  50  2.38759  1.1945  5.24001  1.05246  3.67311  1.02763  1.89148  0.959592
35  55  0.1  0.1  0.1  0.1  0.1  0.1  0.1  0.1
40  -55  0.387268  0.695806  0.299856  0.152459  0.1  0.1  0.1  0.1
40  -50  0.855357  1.01247  0.527986  0.822297  0.1  0.1  0.1  0.1
40  -45  0.907217  1.47886  0.691362  0.585248  0.39095  0.56944  0.397024  1.01913
40  -40  0.749963  1.66915  0.653029  0.827216  0.492649  0.617094  0.658835  1.34061
40  -35  0.441627  1.30522  0.469579  0.479275  0.446499  0.559619  0.565975  1.25146
40  -30  0.527072  1.36655  0.512011  0.486567  0.499281  0.647564  0.680277  1.29764
40  -25  0.583498  1.35066  0.534029  0.504278  0.516341  0.681251  0.729472  1.2547
40  -20  0.64117  1.32749  0.547716  0.534754  0.542663  0.719864  0.793326  1.14279
40  -15  0.659739  1.29062  0.603825  0.530183  0.588658  0.678711  0.814867  1.05657
40  -10  0.734778  1.22245  0.754124  0.468589  0.749938  0.684385  0.885206  0.974786
40  -5  0.761882  1.07944  0.977719  0.483622  0.968517  0.668481  0.903601  0.853257
40  0  0.738686  0.876254  1.1421  0.479329  1.10827  0.612077  0.935603  0.764016
40  5  0.774709  0.681868  1.36132  0.472062  1.34581  0.628274  0.947964  0.619023
40  10  0.759744  0.48765  1.52166  0.446796  1.46105  0.593661  0.938497  0.536664
40  15  0.736064  0.384333  1.65347  0.413018  1.53333  0.558453  0.958483  0.495052
40  20  0.69689  0.352415  1.70647  0.412273  1.61109  0.529531  0.944732  0.513099
40  25  0.682812  0.325517  1.72677  0.381659  1.64017  0.487146  0.862041  0.511554
40  30  0.610332  0.281626  1.62888  0.328291  1.49885  0.457048  0.814863  0.517002
40  35  0.61573  0.220099  1.59852  0.340537  1.23286  0.41309  0.797488  0.469282
40  40  0.815102  0.352365  1.79801  0.396067  0.97636  0.330563  0.730154  0.424804
40  45  0.802823  0.331747  2.18566  0.402624  1.26013  0.374284  0.786557  0.449333
40  50  0.1  0.1  0.1  0.1  0.1  0.106534  0.1  0.1
40  55  0.1  0.1  0.1  0.1  0.1  0.1  0.1  0.1
45  -55  0.863439  0.666725  0.586761  0.790822  0.1  0.1  0.1  0.1
45  -50  5.2069  5.77864  5.76301  6.82625  0.1  0.1  0.1  0.1
45  -45  0.1  0.1  0.1  0.1  0.1  0.1  0.1  0.1
45  -40  0.1  0.1  0.1  0.1  0.1  0.1  0.1  0.1
45  -35  0.293852  0.87904  0.332509  0.30776  0.837361  0.957695  1.11114  1.84377
45  -30  0.541182  1.11065  0.448846  0.382461  0.461197  0.625721  0.706537  1.19461
45  -25  0.598981  1.21575  0.503766  0.451966  0.477687  0.641069  0.716139  1.08922
45  -20  0.653101  1.21565  0.47189  0.489672  0.47183  0.6628  0.785695  1.01346
45  -15  0.722523  1.263  0.506789  0.494713  0.512797  0.675936  0.861404  0.978395
45  -10  0.744083  1.18615  0.625292  0.46248  0.641539  0.636736  0.910773  0.925035
45  -5  0.75091  1.07062  0.917453  0.468326  0.880342  0.626021  0.89582  0.789208
45  0  0.728527  0.807867  1.13737  0.460776  1.13172  0.582086  0.949296  0.66092
45  5  0.713294  0.612627  1.36277  0.435983  1.38536  0.586162  0.968488  0.544566
45  10  0.715953  0.384115  1.47366  0.400011  1.48531  0.540753  0.913465  0.471274
45  15  0.689739  0.331143  1.62376  0.385149  1.52406  0.508322  0.87211  0.477004
45  20  0.635262  0.240204  1.61011  0.359715  1.55357  0.486214  0.820894  0.479689
45  25  0.587579  0.238177  1.6343  0.341858  1.47984  0.468512  0.79614  0.478366
45  30  0.58842  0.150438  1.57851  0.232558  1.2147  0.437327  0.750987  0.499126
45  35  0.617815  0.344313  1.73638  0.48634  1.18031  0.375416  0.685598  0.401561
45  40  0.1  0.1  0.1  0.1  0.12274  0.317718  0.1  0.1
45  45  0.1  0.1  0.1  0.1  5.54604  2.175  3.64719  2.67661
45  50  0.968506  0.421146  2.73257  0.818363  0.1  0.1  0.1  0.1
45  55  0.843234  0.320976  1.5192  0.545903  0.1  0.1  0.1  0.1
50  -55  0.1  0.1  0.1  0.1  0.1  0.1  0.1  0.1
50  -50  0.1  0.1  0.1  0.1  5.54604  1.49431  3.07881  1.39854
50  -45  0.1  0.1  0.1  0.1  0.1  0.129161  0.1  0.1
50  -40  0.1  0.1  0.1  0.1  0.1  0.1  0.385787  0.150932
50  -35  0.1  0.1  0.1  0.1  0.1  0.1  0.1  0.652883
50  -30  1.61575  2.77353  1.14862  1.29935  0.504599  0.855103  1.14987  1.82364
50  -25  0.515847  0.832114  0.385076  0.432097  0.477603  0.695773  0.839496  0.970734
50  -20  0.617153  1.17627  0.356718  0.398987  0.421045  0.606594  0.787347  0.899123
50  -15  0.594357  1.09128  0.390217  0.325169  0.43173  0.563773  0.759972  0.850201
50  -10  0.65138  1.06543  0.450141  0.415652  0.524145  0.585119  0.837547  0.842367
50  -5  0.632762  1.11387  0.665275  0.406473  0.701081  0.564901  0.88547  0.67655
50  0  0.645855  0.769539  0.994028  0.395934  1.0492  0.544066  0.841766  0.570286
50  5  0.599668  0.410528  1.19033  0.276645  1.26051  0.516478  0.814305  0.474622
50  10  0.58523  0.202413  1.3384  0.334743  1.38742  0.473216  0.800221  0.443178
50  15  0.565098  0.242727  1.39924  0.345275  1.28807  0.445762  0.708007  0.429332
50  20  0.57159  0.22682  1.50833  0.202097  1.32824  0.434112  0.765216  0.417876
50  25  0.48864  0.187444  1.31471  0.277899  1.45137  0.462477  0.840356  0.510193
50  30  0.511194  0.303742  1.60189  0.405247  1.99748  0.421109  0.958226  0.797583
50  35  0.410841  0.154025  0.939416  0.230165  0.249117  0.456306  0.460697  1.348
50  40  0.1  0.1  0.1  0.1  0.1  0.1  0.1  0.1
50  45  0.1  0.1  0.1  0.1  0.227297  0.1  0.1  0.1
50  50  0.1  0.1  0.1  0.1  0.1  0.1  0.197576  0.199396
50  55  0.1  0.1  0.1  0.1  0.1  0.1  0.1  0.1
55  -55  0.603464  0.478232  1.1267  0.30787  0.1  0.1  0.1  0.1
55  -50  0.1  0.1  0.1  0.1  0.1  0.132932  0.1  0.229167
55  -45  0.1  0.1  0.1  0.1  0.1  0.1  0.1  0.1
55  -40  0.1  0.1  0.1  0.1  0.1  0.1  0.1  0.1
55  -35  0.1  0.1  0.1  0.1  0.1  0.1  0.1  0.1
55  -30  2.38759  4.50982  1.97746  1.80394  0.1  0.1  0.1  0.1
55  -25  1.4211  1.13634  1.0211  1.09672  0.1  0.1  0.1  0.1
55  -20  0.937525  1.67489  0.491126  0.798691  0.389132  0.597724  0.80903  0.91459
55  -15  0.999937  1.82353  0.506401  0.680264  0.541875  0.64392  1.13676  1.0174
55  -10  0.694647  1.26211  0.468413  0.435066  0.582659  0.649759  0.879902  1.04099
55  -5  0.45519  0.782782  0.416541  0.293709  0.534066  0.411275  0.685466  0.565605
55  0  0.539313  0.599171  0.793963  0.351374  0.76773  0.369096  0.616331  0.389031
55  5  0.598933  0.322623  1.10958  0.364435  1.00655  0.388539  0.618968  0.359399
55  10  0.603418  0.2237  1.23614  0.353485  1.25208  0.452125  0.790837  0.406584
55  15  0.553625  0.218382  1.68087  0.318471  0.837907  0.313758  0.59564  0.260738
55  20  2.76476  1.2419  7.59901  1.80394  0.785537  0.334688  0.57119  0.384252
55  25  1.11398  0.191724  2.67978  0.694428  0.190929  0.1  0.1  0.1
55  30  0.1  0.1  0.1  0.1  0.1  0.1  0.1  0.1
55  35  0.1  0.1  0.1  0.1  0.1  0.1  0.1  0.1
55  40  0.282874  0.290817  0.860716  0.1  0.1  0.1  0.1  0.1
55  45  0.1  0.1  0.1  0.1  0.1  0.1  0.1  0.1
55  50  0.1  0.1  0.1  0.1  0.292758  0.1  0.1  0.1
55  55  0.1  0.1  0.1  0.1  0.1  0.1  0.1  0.1
