ECal_Offset_Factor_ADCmerge_const_alhpa:	0.0772715	0.00911278	140.199	0.0128111	0.942968
WCal_Offset_Factor_ADCmerge_const_alhpa:	-0.224546	0.00696797	272.236	0.00289374	1.13427

#EastData EastDataErr    WestData WestDataErr     EastSim  EastSimErr     WestSim  WestSimErr
427.2103     5.75701    605.8447    8.393343    3.987627  0.04306172    4.046995  0.04756656
339.7555     4.45388    497.7996    6.072411     3.21014  0.03193943    3.212363  0.03270407
299.9313    3.553355    432.5675    5.013375    2.773389  0.02609205     2.78613  0.02507921
263.3378    3.322996     392.498    4.449258    2.475913  0.02279401    2.473914  0.02240041
241.6751    2.897798    362.4162    4.265746     2.24834  0.02180269    2.330006  0.02334678
230.3985    2.865893    351.3166    4.074587    2.167098  0.02070306    2.175804  0.02028886
216.2106    2.972374    325.3627    4.239143    2.063115  0.02127955    2.086905  0.02182826
201.593    3.135583    319.3229    4.316479    1.974569  0.01996867    2.015189   0.0227061
203.5778    3.539954    306.5011    4.864528    1.917438  0.02221417     1.98383  0.02531852
201.5369    3.872124    299.3704    5.823372    1.817966  0.02627648    1.946728  0.02860147
193.0829    4.799671     299.249    6.203647    1.911615  0.03353315    1.786708  0.03103888
190.1991    5.517847    322.2363    9.342134    1.864273  0.04373982    1.771205  0.03683894
