ECal_Offset_Factor_ADCmerge_const_alhpa:	0.120021	0.0105855	109.561	0.0181453	0.906217
WCal_Offset_Factor_ADCmerge_const_alhpa:	-0.056793	0.00199386	838.222	0.00152001	1.03518

#EastData EastDataErr    WestData WestDataErr     EastSim  EastSimErr     WestSim  WestSimErr
368.9711    5.650775    2015.115      36.703    4.019593  0.04639908    4.023821  0.04783299
290.6945    4.027943    1618.031    21.87925    3.215897  0.03172491    3.214433  0.03153299
249.1271    3.176469    1458.363    18.29981     2.77686  0.02545906    2.764439  0.02731273
222.7688    2.760622    1261.287    15.81587    2.442603  0.02159675     2.43991  0.02363408
204.9402    2.460039     1175.29     14.1206    2.293902  0.02167404    2.314415  0.02288059
191.496    2.566753    1107.866    14.58632    2.187154  0.02073713    2.165971  0.02162208
186.3205    2.530111    1103.041    14.27279    2.053462  0.02063174    2.102709  0.02282942
181.6589     2.66907    1008.504    14.86269    1.961773  0.02116144    2.023754  0.02319513
168.1005    2.602292    1004.161    16.49785    1.954073  0.02434676    1.905335  0.02677031
165.4375     3.34538    1019.094    18.19566    1.898749  0.02622528     1.87346  0.02790855
157.9758    3.848458    966.5254    23.81199    1.827268  0.03261805    1.896671  0.03400275
159.5605    4.780037    888.2222    28.22575    1.825687  0.04319016     1.94118  0.04785923
