ECal_Offset_Factor_ADCmerge_const_alhpa:	0.243873	0.0100986	95.871	0.0316637	0.79879
WCal_Offset_Factor_ADCmerge_const_alhpa:	0.0177754	0.00746845	192.528	0.00806237	0.987789

#EastData EastDataErr    WestData WestDataErr     EastSim  EastSimErr     WestSim  WestSimErr
363.8515    6.268046    525.6531    8.387655    3.894885  0.05594683    3.993655  0.05868691
287.4628    4.503836    433.7115    6.768785    3.159283  0.03483537    3.169464  0.04112703
243.0715    4.000913      367.25    5.624524    2.746208   0.0296994    2.765549  0.02887659
221.2132    3.288453     325.081    4.747526    2.448048  0.02835388    2.484802   0.0311365
199.6138     3.31262    302.5549    4.513142    2.254536  0.02530498    2.292928  0.02749584
194.2733    3.162611    284.9698    4.194064    2.183362  0.02373177     2.15521  0.02589391
177.8436    2.692862    279.1724    4.161652    2.076248   0.0243692    2.061411  0.02554305
170.8333    3.253019    263.7061    4.609589    1.960825  0.02788933    1.998874  0.02615982
169.8823    3.748043    255.3415    5.071788    1.871339  0.02829151    1.918557  0.03160665
164.824    3.433097    245.0759    5.761744    1.861173  0.03169022    1.896352  0.03459371
151.4418    4.713799     246.419    6.693324    1.872016  0.04174379    1.823313  0.04533062
145.871    5.611863    242.5276    7.211025    1.850294  0.04261342    1.798952  0.04832662
