ECal_Offset_Factor_ADCmerge_const_alhpa:	-0.0498363	0.0073029	205.061	0.00587775	1.03442
WCal_Offset_Factor_ADCmerge_const_alhpa:	0.197257	0.00158671	967.888	0.00391591	0.886177

#EastData EastDataErr    WestData WestDataErr     EastSim  EastSimErr     WestSim  WestSimErr
550.74    7.999634     2493.44    21.71365     3.98032  0.04751154    3.940043  0.04192968
446.8091    5.773077    1799.761    19.98353    3.225034  0.03348916    3.188802    0.031117
385.0546    4.878055    1567.481    17.17042    2.751998  0.02879486    2.795994   0.0280832
352.5642     4.25759    1384.459    15.86004    2.463539  0.02304072    2.486442  0.02132018
312.9995    4.194203    1342.909    13.44938    2.300084  0.02222234    2.246879  0.02114233
298.8527      4.0383    1230.236    14.73382    2.142125  0.02280122    2.157071  0.01941363
294.585    4.185557    1167.199    12.32822    2.106705  0.02292267    2.052007  0.02219032
275.3821    4.395062    1130.287    13.82771    1.970232   0.0249072    1.963143  0.02258561
275.7697    4.560587    1107.747    15.58626    1.979746  0.02537807     1.94361  0.02408637
275.0171    5.209497    1100.762    18.13294    1.884739  0.02588063    1.910013   0.0271226
265.2078      7.0642    1057.506    20.65105    1.860877  0.03810574    1.815376  0.03460556
255.0611    8.655302    1017.888    31.40857    1.884762   0.0448239    1.851466  0.04040436
