ECal_Offset_Factor_ADCmerge_const_alhpa:	0.0858743	0.00991514	87.7358	0.0162844	0.910153
WCal_Offset_Factor_ADCmerge_const_alhpa:	-0.162545	0.0048283	284.174	0.00199206	1.13439

#EastData EastDataErr    WestData WestDataErr     EastSim  EastSimErr     WestSim  WestSimErr
307.8176    4.212505    670.9735    6.847869    3.137824  0.03443263    3.070988   0.0301631
246.3471    3.010842    543.9501    5.549541    2.522275  0.02511786    2.533779  0.02248596
211.8825    2.615795    486.7959    4.619641    2.193553   0.0206295    2.153987  0.01949093
186.0463    2.260496    442.8128      4.0942    1.945559  0.01819301    1.941961  0.01704226
174.2057    2.122313    410.5268    4.263906    1.815252  0.01706283    1.807322  0.01685298
166.2343      2.2013      389.92    4.083157    1.725085  0.01688618    1.686943  0.01665077
157.6955    2.100899    371.0579    3.835923    1.661951  0.01682144    1.643418  0.01560963
154.1422    2.108014    350.1033    4.334132    1.555017  0.01811068    1.577809  0.01715686
151.41    2.519497    354.1615    4.340706    1.554324  0.01955316    1.567382  0.01692732
145.2436    2.542028    335.6646    5.811832    1.557079  0.02351561    1.482836  0.02080433
135.0276    3.135268    342.8452    6.867473    1.506036  0.02753402    1.469941  0.02631424
137.7358    4.586443    334.1736    7.846988     1.48049  0.03914029    1.377745  0.03598851
