ECal_Offset_Factor_ADCmerge_const_alhpa:	0.163428	0.0141054	65.4094	0.0311477	0.849521
WCal_Offset_Factor_ADCmerge_const_alhpa:	-0.13259	0.00638181	262.675	0.00364217	1.08589

#EastData EastDataErr    WestData WestDataErr     EastSim  EastSimErr     WestSim  WestSimErr
272.8625    5.526909    635.2242    10.33548    4.007245  0.06556408    4.021711  0.06512742
208.0486    3.746873    535.0245    8.648802    3.042468  0.04216023    3.236602  0.04876023
180.1806    3.318147    464.9665    7.004902     2.76195  0.03493107    2.788308  0.03751251
162.2692    2.875837    413.5955    6.910599    2.430104  0.03274606    2.508362  0.03286159
147.7229    2.475161    392.7707    5.551219    2.308744   0.0300791    2.341845   0.0315522
143.6475    2.482342    361.5208    6.414302    2.113049  0.02837419    2.153657  0.03252527
135.805    2.542659    346.4787    6.640157    2.063596  0.03081607    2.095088  0.02835393
126.8089    2.570874    327.5459    6.100319    2.045686  0.03235862    2.062318  0.03326136
122.3965    2.834953    329.9187    6.817839    1.886683  0.03344612    1.955531  0.03793426
120.7503    2.928643    310.1084    8.312384    1.829187   0.0394396    1.916488  0.03427528
124.4949     4.71185    318.4791    9.442459    1.834173  0.05406892    1.755615  0.05147437
115.4094    5.709642    312.6754    13.10373    1.839919  0.06807493    1.813897  0.07502175
