ECal_Offset_Factor_ADCmerge_const_alhpa:	0.14725	0.0103449	109.503	0.0200634	0.884965
WCal_Offset_Factor_ADCmerge_const_alhpa:	-0.173213	0.00237526	774.761	0.00107791	1.1039

#EastData EastDataErr    WestData WestDataErr     EastSim  EastSimErr     WestSim  WestSimErr
374.3621    4.975677    1705.658    21.08842    4.118771  0.04333536    4.016908  0.04085885
297.1327    3.732166    1429.231    13.34234    3.228656  0.02882749    3.155127  0.02938986
259.9906    2.840461    1234.967    12.03682    2.730161  0.02503452    2.738581  0.02262852
225.045    2.600929    1111.962    10.65236    2.511882  0.02304417    2.461409  0.02047144
207.8123    2.659315    1030.085    10.16192    2.264621  0.02036366    2.252393  0.01898299
196.2456    2.437445    977.3119    9.604815    2.196217  0.01930394    2.154071  0.01792398
187.4663    2.329795     943.164    9.494217    2.055549  0.01991688     2.07158  0.02026042
179.0567    2.598668    904.4618    9.508714    2.001967  0.02151839    1.992204  0.01979059
174.4642    2.877181    886.6336    11.30214    2.015451  0.02253272    1.910102  0.02111527
165.8279    3.378446    837.8197     13.0371    1.843238  0.02408366    1.911898  0.02277802
165.5098    3.206962    882.3966    14.80874    1.873175   0.0323108    1.827618  0.03076527
159.5031      4.6872    824.7613    19.91387    1.855063  0.03885209    1.835818  0.03348236
