ECal_Offset_Factor_ADCmerge_const_alhpa:	-0.0520248	0.00728522	200.135	0.00577444	1.037
WCal_Offset_Factor_ADCmerge_const_alhpa:	0.114836	0.00237891	668.744	0.00395236	0.932676

#EastData EastDataErr    WestData WestDataErr     EastSim  EastSimErr     WestSim  WestSimErr
547.8017    7.496236    1552.376    19.05355    3.948833  0.04665196    3.848848  0.04301572
442.4154    5.802986    1272.236     14.6389    3.184989  0.03234258    3.184278  0.03362983
390.6632    5.182292    1101.811    12.00643     2.77762  0.02807529    2.730946  0.02660629
346.6968    4.572956    996.5649    10.74212    2.500922  0.02379193    2.460586  0.02129379
329.9835    4.186694    929.2366    10.58448    2.318847  0.02330416     2.25118  0.02214101
308.9225    4.225198    848.0065    10.01296    2.180336  0.02167938    2.153097  0.02118794
290.4287    3.964046    831.7021    10.20898    2.088561  0.02161363     2.04292  0.02316188
287.8023    4.896909     782.063    11.14894    2.004357  0.02325425    1.997577   0.0218656
272.3533    4.939534    780.4504    11.01272    1.973171  0.02740023     1.96434  0.02418045
275.7427    5.638849    754.9445    13.13177    1.903009  0.02995479    1.942682  0.02968704
257.9572     6.20614    706.3747    17.95224    1.853883   0.0339255    1.920749  0.03613131
250.1354    8.898124    718.7441    21.87712    1.862458  0.04256042    1.898243  0.04106841
