ECal_Offset_Factor_ADCmerge_const_alhpa:	0.114431	0.00692863	192.29	0.0114047	0.920904
WCal_Offset_Factor_ADCmerge_const_alhpa:	-0.236066	0.00257447	692.546	0.000823244	1.15261

#EastData EastDataErr    WestData WestDataErr     EastSim  EastSimErr     WestSim  WestSimErr
551.9182    7.752483    1626.763    22.27593    3.879383  0.05187271    3.956637  0.05053552
443.5383     6.67258    1314.991    16.46754    3.204377  0.03614901    3.170089  0.03763129
373.7788    5.394661    1184.801    14.30689    2.783952  0.02901749    2.775625  0.03204723
342.9452    4.504994    1057.888    12.77404    2.494524  0.02556247    2.503187  0.02714835
314.8428    4.499464    972.4739    11.97448     2.29568  0.02403625    2.298659  0.02484678
306.1076    4.264898    946.3269    11.94863    2.166574  0.02121796    2.161959  0.02645871
287.353    4.432156    890.5694    13.11057    2.112672   0.0242811    2.061211  0.02496383
274.8745    4.363801    858.8884    12.96765    2.014434  0.02497282     2.00888  0.02640037
269.0883    4.684849    871.2939    14.93854    1.936641  0.02803784    1.938762  0.02969165
259.9181    5.780826    826.5233    15.22698    1.930235   0.0303272    1.910433   0.0324809
248.408    7.021374    833.5431     20.5198    1.898988  0.03771266    1.864631  0.04236362
242.2898    7.950116     742.546    26.08072    1.872981  0.03672009    1.776168  0.05157726
