ECal_Offset_Factor_ADCmerge_const_alhpa:	-0.0615926	0.00742887	205.454	0.00569877	1.04205
WCal_Offset_Factor_ADCmerge_const_alhpa:	-0.177855	0.0022332	825.919	0.000985378	1.10672

#EastData EastDataErr    WestData WestDataErr     EastSim  EastSimErr     WestSim  WestSimErr
547.4772    6.851464    1878.866    23.21375    4.048083  0.05034788    4.007269  0.04496363
432.0814     5.78473    1504.753    16.56171    3.161452  0.03482828    3.188048  0.03384134
383.658    4.824791     1310.27    13.59365    2.728137  0.02720015    2.739837  0.02732278
348.0577    4.530616    1174.853     12.4495    2.502659  0.02413611    2.427394  0.02403941
316.476    3.947507    1100.875    12.50228     2.32772  0.02383844     2.32701  0.02249747
301.0649    4.266704    1052.906    12.19822      2.1774  0.02354651    2.165707  0.02122716
286.1274    4.361024    1001.945    11.87193    2.074344  0.02279539    2.062522  0.02108096
281.9955    4.335565    972.8776    12.41397    2.019815  0.02331515    2.001102  0.02297011
265.9739    5.094424    941.3111    12.97678    1.883936  0.02449318    1.899156  0.02327847
272.3021     5.71003    911.6293    15.97969    1.935514  0.03276998    1.854459  0.02593801
248.2596    6.927795    915.9382    18.64407    1.883715  0.03475586    1.868411  0.03176271
255.4544    9.863158    875.9188    24.42762    1.844661  0.05130445    1.785512  0.03853937
