ECal_Offset_Factor_ADCmerge_const_alhpa:	-0.00923219	0.00709147	212.583	0.00681909	1.00616
WCal_Offset_Factor_ADCmerge_const_alhpa:	0.0739413	0.00243916	638.562	0.00342387	0.954679

#EastData EastDataErr    WestData WestDataErr     EastSim  EastSimErr     WestSim  WestSimErr
564.3529    8.613049    1595.603    23.80023     3.93218  0.05268631    3.912004  0.04834987
439.5729    6.411093    1249.883    15.15855    3.174508  0.03882072    3.175631  0.03412076
384.9851    5.571056    1088.709    12.45962    2.773795  0.03201396    2.723164  0.02789589
355.238    4.850214    986.0157    11.62444    2.504026  0.02516613    2.484653  0.02374222
332.0184    4.580718    906.5338    11.67514    2.313787  0.02406242    2.275262  0.02192526
312.0623    4.615352    853.8428    10.81887    2.168314  0.02237792    2.129764  0.02079104
298.4865     4.69674    808.2872    11.06531     2.11167  0.02537454    2.064519   0.0233546
295.5626     4.91518    775.7917    11.05415    1.998013  0.02748103    1.977744  0.02418407
272.7367    4.708732    781.0441    12.19624    1.970224  0.02972043    1.970211  0.02521499
260.3909     5.31665    737.9332    13.63005    1.917222  0.03358851    1.847278  0.03116086
266.5739    8.234463     731.481    15.58847    1.882789  0.03859224    1.886336  0.03631544
262.5827    8.000509    688.5622      25.167    1.873659  0.05073518    1.779356  0.04957855
