ECal_Offset_Factor_ADCmerge_const_alhpa:	0.108284	0.0108986	114.923	0.0172718	0.920426
WCal_Offset_Factor_ADCmerge_const_alhpa:	-0.0543625	0.00810705	180.681	0.00638924	1.03854

#EastData EastDataErr    WestData WestDataErr     EastSim  EastSimErr     WestSim  WestSimErr
366.1878    5.393917    489.2071    6.925393    4.015552  0.04684366    4.032848  0.04896559
275.5043    3.688942     407.224    5.326026    3.217464  0.03316863    3.211712  0.03382607
244.1747    3.281104    348.3032    4.130826    2.729499  0.02631763      2.7743  0.02631178
222.6156    2.760359    319.4181    3.772503    2.465919  0.02247479    2.486292  0.02407062
194.1553    2.460218    290.1906    3.366249    2.268531  0.02198869    2.282688  0.02184779
183.2712    2.457034    279.6068    3.603513    2.154135   0.0210255    2.171944  0.02082249
176.2812    2.638555    264.3442    3.625645    2.058536  0.02243178    2.082357  0.02340352
176.9783    2.613617    249.2638    3.814466    1.975791  0.02174601    2.009818  0.02437189
166.2949    2.933723    248.1346    4.180286    1.975122  0.02266834    1.964189  0.02504362
161.492     3.04785    234.9446     5.10731    1.892202  0.02894263    1.892841  0.03045232
160.669    3.837681    236.6389    6.370793    1.787103  0.03316549    1.891733  0.03625961
164.9234    4.811809    230.6811    8.134261    1.767362  0.04209868    1.902318  0.04708099
