ECal_Offset_Factor_ADCmerge_const_alhpa:	-0.00411898	0.00708122	197.401	0.00695092	1.00296
WCal_Offset_Factor_ADCmerge_const_alhpa:	-0.0182551	0.00253681	669.145	0.00233817	1.01087

#EastData EastDataErr    WestData WestDataErr     EastSim  EastSimErr     WestSim  WestSimErr
548.4872    7.729938    1570.435    19.93293    4.029819  0.05098917    3.912915  0.04328197
463.3372    6.166245     1252.37    14.46151    3.241799  0.03567951    3.210144  0.03163049
391.9149    5.302722     1082.32    11.72491    2.722452  0.02786936    2.711836  0.02616593
354.1014    4.615803    978.5384    10.75012    2.511791  0.02349064    2.450668  0.02381755
330.9158    4.238173    905.8754    10.15682    2.280021  0.02334951    2.271331  0.02080364
314.2069    4.163717    855.9597    10.31839    2.194385  0.02248591    2.173757  0.02062721
299.5705    3.964456    806.0679    10.67347    2.102544  0.02365813    2.056562  0.02110027
284.5962    4.378159    771.3074    11.25013     1.98697  0.02237886    1.972893   0.0241104
270.967    4.829857    766.3664    11.80905    1.987198  0.02645135    1.903841  0.02538238
264.1487    6.078059    750.1726    13.13679    1.900435  0.02906625    1.903639  0.02869592
260.4968    6.637062    757.4523    14.40971    1.845487  0.04161181     1.77888  0.03362696
247.4013    8.532189    719.1452    19.16848    1.967455  0.04921443    1.824933  0.04667603
