ECal_Offset_Factor_ADCmerge_const_alhpa:	-0.0103529	0.00977894	137.427	0.00933973	1.00776
WCal_Offset_Factor_ADCmerge_const_alhpa:	0.126651	0.00956995	130.627	0.0164999	0.908007

#EastData EastDataErr    WestData WestDataErr     EastSim  EastSimErr     WestSim  WestSimErr
406.0497    5.269012    414.7049    5.812527     4.01681  0.04589487    4.161487  0.04582482
334.6843    4.406469    323.2643    3.848088    3.196218  0.03001969    3.176856  0.03120053
286.2755    3.434329    277.4553    2.944035    2.775607  0.02397828    2.814487  0.02564611
254.234    2.956451    251.2419    2.948625    2.483774  0.02359585     2.45828  0.02300838
233.8423    2.818814    231.2823    2.632845    2.308565  0.02087558     2.33222  0.02228445
225.2865     2.74917    214.9454    2.654529    2.168582  0.02090039    2.216028  0.02034743
212.0866    2.825145    207.8936    2.483218    2.088253  0.01934697    2.092403  0.02023156
206.1494    2.983392    189.4159    2.732136    2.002872   0.0204548    1.998574  0.02107621
194.836    3.362707     189.833    3.139789     1.91783  0.02201486    1.989947  0.02697271
194.5159    3.171574    188.3986    3.150407    1.839007  0.02720709    1.895315  0.02839728
192.3912    4.332455    185.2698    3.968125    1.903797   0.0292627    1.855832  0.02906022
187.427    5.379278    180.6269    4.870131    1.790455  0.04097321    1.841738  0.05062697
