ECal_Offset_Factor_ADCmerge_const_alhpa:	0.186638	0.00946079	106.602	0.0232446	0.84384
WCal_Offset_Factor_ADCmerge_const_alhpa:	-0.0402317	0.00864497	161.805	0.00722228	1.02961

#EastData EastDataErr    WestData WestDataErr     EastSim  EastSimErr     WestSim  WestSimErr
400.7647    5.564783     466.591    6.484113    4.032881  0.04693938    4.007231   0.0497643
318.323    4.365226    377.1236    4.724967    3.130991  0.03382406    3.212997  0.03583623
266.6594    3.465144    317.5855    3.779919    2.707965  0.02649192    2.793378  0.02767945
236.3617    3.020721    300.3431    3.452138    2.482687  0.02222247    2.486579  0.02450067
226.9329    2.812416    274.0471    3.304754    2.274913  0.02097052    2.296423  0.02435044
206.5804    2.848165    255.0318    3.227906    2.126552  0.02437084    2.169227  0.02329643
201.8138    2.944671    246.9184    3.445284    2.127556  0.02142187    2.049029   0.0223675
187.4484    3.147187     239.368    3.549293    1.983746  0.02395335    2.031315  0.02384916
183.2998      3.2661    219.7734    3.892535    1.927939  0.02389881     1.93228  0.02542843
177.5276    3.549754    224.8081    3.828603    1.844161  0.02863633    1.868322  0.03096721
183.563    4.656784    215.4283    5.247508     1.79005  0.03777956    1.833111  0.03288073
156.6018    5.261258    211.8054    6.170048    1.833832  0.04858796    1.907763  0.04974199
