ECal_Offset_Factor_ADCmerge_const_alhpa:	0.125735	0.0143883	69.8626	0.0259557	0.888822
WCal_Offset_Factor_ADCmerge_const_alhpa:	-0.118525	0.00612612	258.389	0.00361528	1.08094

#EastData EastDataErr    WestData WestDataErr     EastSim  EastSimErr     WestSim  WestSimErr
270.002    3.344795    666.7451    6.848548    4.064299  0.04065063    3.926541  0.03926624
213.1878    2.476298    538.7838    4.928421    3.204516  0.02817417    3.194327  0.02655172
184.6906    1.968491    462.9196    4.035048    2.729754  0.02331362    2.768338  0.02219721
163.1501     1.73239    425.8822    3.782211    2.472247  0.02159915    2.481207  0.01982067
152.0533    1.695984    397.9032    3.627121    2.299825  0.02047947    2.276195  0.01905203
142.5913    1.640669    376.3112    3.681694    2.190979  0.01903879    2.199387   0.0175419
136.6004    1.657096    357.5556    3.665666    2.079618  0.02029322    2.045466   0.0180567
130.8351    1.778786    344.6816    3.697321     1.98231  0.01883004    2.011187  0.01847079
123.0443    1.843588     329.798    3.848276    1.984206   0.0218401    1.921148  0.02122155
124.557    2.322097    330.1507      4.9311    1.913802  0.02414649    1.881615  0.02260294
123.2067    2.457818    323.1911    5.351324     1.86349   0.0301675     1.82661  0.03000737
119.8626    3.391449    308.3889    7.559768    1.857189  0.04228545    1.868552   0.0373706
