ECal_Offset_Factor_ADCmerge_const_alhpa:	0.148842	0.010516	107.7	0.0204893	0.883846
WCal_Offset_Factor_ADCmerge_const_alhpa:	-0.280834	0.00255877	762.589	0.000717763	1.16812

#EastData EastDataErr    WestData WestDataErr     EastSim  EastSimErr     WestSim  WestSimErr
376.2349    4.533568    1653.683    18.25055    4.042633  0.03705184    4.030239  0.03807824
289.2824    3.025289    1375.506    11.86039    3.221128  0.02735355    3.211626  0.02648696
248.1    2.741833    1195.141    10.29996    2.777425  0.02309386    2.741878  0.02142053
223.3157    2.502678    1073.056     9.52568      2.5046  0.01981407    2.451454  0.01894131
206.3505    2.203073    985.3014    8.688022    2.298626  0.01825518    2.254805  0.01786496
191.4069    2.206857    950.4178    8.275863    2.191425  0.01719213    2.133671  0.01719639
181.3431    2.012672     907.976     8.50583    2.073468  0.01823791    2.061225  0.01730434
177.8026    2.347599    882.5165    8.779199    1.980849  0.02001467    1.978477  0.01982819
171.6786    2.424523    865.0255     9.79413    1.962488  0.02169716    1.960094  0.01934143
174.9231     2.74295    835.2231    12.19494    1.939893  0.02346983    1.882723  0.02314095
165.7036    3.400069    813.4117    14.00313    1.879285  0.02816288    1.819293  0.02800152
157.7    4.372179     812.589    16.70369    1.857279  0.03548067    1.687999  0.03712147
