ECal_Offset_Factor_ADCmerge_const_alhpa:	0.165062	0.0103614	109.051	0.0215951	0.872537
WCal_Offset_Factor_ADCmerge_const_alhpa:	-0.397689	0.00264616	766.534	0.000421079	1.24388

#EastData EastDataErr    WestData WestDataErr     EastSim  EastSimErr     WestSim  WestSimErr
359.774    5.207737    1683.782    21.57988    3.931736  0.04501959    4.141431  0.04613036
296.1372    3.751934    1380.471    15.31908    3.199095  0.03135491    3.245048  0.03328011
244.9279     2.89583    1199.457    13.01026    2.722601  0.02476059    2.778332  0.02610581
227.2298    2.919555     1107.23    10.83888    2.484357  0.02214237    2.458356  0.02321719
203.3437    2.425999     1024.99     11.6543    2.317912  0.02008555    2.306335  0.02062458
192.6275    2.540458    945.5499    10.31779    2.135519  0.02000992    2.146629  0.02062551
182.9692     2.60843    930.3757    11.09744    2.017487  0.02040332    2.075272  0.02187866
177.8588    2.714974    896.4862    11.09804    2.013163  0.02026509    1.949172  0.02243625
171.6653     2.80031    892.6283    11.39644    1.912011  0.02510893    1.937061  0.02441524
162.1231     3.11385    862.2023     13.9857    1.921562  0.02522574    1.861582  0.02958864
160.1013    3.833132    810.4062    16.84122    1.852347  0.03142104    1.858016  0.02945299
159.0515    5.465392    816.5342    23.25846    1.787258  0.04385639    1.828752  0.04869404
