ECal_Offset_Factor_ADCmerge_const_alhpa:	0.0378969	0.0148316	79.8878	0.0175317	0.969007
WCal_Offset_Factor_ADCmerge_const_alhpa:	-0.0966412	0.00629694	270.503	0.00424102	1.06015

#EastData EastDataErr    WestData WestDataErr     EastSim  EastSimErr     WestSim  WestSimErr
272.5032    6.903688    634.7244    12.99042     4.04596  0.08138069    4.012074  0.07318696
210.1204     4.23774    521.7186    9.769384    3.207355  0.05348337    3.202769  0.05174652
187.3673    3.565566    457.2261    7.874001    2.777683  0.04309123    2.693205  0.04326548
164.1802    3.412596    415.4593    6.781802    2.445138  0.04171499    2.501627  0.03904819
152.9186    3.460935    374.0325    7.385441    2.381182   0.0392025    2.296966  0.03591459
146.6665    3.030803    352.7328    6.559472     2.18076  0.03203417    2.086862  0.03638402
135.9727    3.066083    349.3135    5.836996    2.096999  0.03884522    2.059331   0.0344653
137.3501    3.585912    333.3182    6.105971    2.002189  0.04355341    1.995476  0.03359972
125.9449    3.647977    312.9644    6.675443    1.943389  0.04320286    1.966428  0.04477088
129.4628    4.627178    299.3555    8.727621    1.966581   0.0394798    1.900196  0.04419117
126.1672    4.740001     303.463     9.44039    1.898575  0.05528382    1.778051  0.06002936
129.8878    5.462738    320.5034    10.86094    1.930334   0.0794762    1.856483  0.07472392
