ECal_Offset_Factor_ADCmerge_const_alhpa:	0.106823	0.00977447	88.7552	0.017952	0.890366
WCal_Offset_Factor_ADCmerge_const_alhpa:	-0.153725	0.00470225	296.944	0.00206892	1.12371

#EastData EastDataErr    WestData WestDataErr     EastSim  EastSimErr     WestSim  WestSimErr
305.892    5.604333    694.3096    10.97957    3.043891  0.04861149    3.076317  0.04331842
244.7116     3.91166    579.2521    7.973782     2.57017  0.03152924    2.550226  0.03071164
211.2221     3.05333    497.6137    7.175106    2.157477  0.02616166    2.200068  0.02698901
190.1979    3.230511    447.8587     6.43658    1.953081  0.02239949    1.982411  0.02573259
175.5186    2.671109    433.7705    6.333917    1.807922  0.02270075     1.78307  0.02286264
167.4138    2.672815    392.0615    5.901237    1.734497  0.02094986    1.794338  0.02465958
157.2505    2.902683    377.5221    5.857369    1.620137  0.02130887    1.707901  0.02282685
150.3695    3.009539    362.4522    7.186676    1.598271  0.02433872     1.57102  0.02528995
145.2016    3.001196    374.5417    6.786945    1.534138  0.02384891     1.49156  0.02622439
141.7846    3.232416    351.9678    7.910359    1.479458  0.02975303    1.466934  0.03081437
134.5445    4.172798    350.1015    8.757562    1.543266  0.03271194    1.515829  0.03337967
138.7552    4.470239    346.9445    12.17367    1.371633  0.04956035    1.382174  0.04531509
