#cathEX_trigg	cathEX_clip	cathEY_trigg	cathEY_clip	cathWX_trigg	cathWX_clip	cathWY_trigg	cathWY_clip
0.05		4.4		0.09		3.8		0.06		4.4		0.08		2.4
0.05		3.7		0.1		4.4		0.06		3.3		0.08		3.8
0.05		3.1		0.1		4.3		0.06		2.9		0.08		4
0.06		3.3		0.11		4.1		0.08		3		0.1		4.1
0.07		3.3		0.11		4		0.08		3.4		0.09		3.9
0.07		3.5		0.1		4.3		0.08		3.9		0.09		3.4
0.08		3.9		0.1		4.6		0.09		4.2		0.09		3.2
0.09		4.4		0.12		4.9		0.09		4.7		0.09		3.4
0.09		4.5		0.11		4.6		0.1		4.7		0.1		3.7
0.08		4.5		0.1		4.2		0.1		4.9		0.09		3.6
0.09		5		0.1		5.2		0.11		5.5		0.09		3.7
0.1		5.7		0.11		3.8		0.1		5.2		0.09		4.1
0.11		5.3		0.09		4.2		0.11		4.9		0.1		4.3
0.12		5.3		0.09		4.4		0.11		4.9		0.11		4.7
0.12		6.6		0.1		4.4		0.11		6.1		0.12		5.2
0.14		8.5		0.08		3.9		0.14		6.5		0.12		3.6