#cathEX_trigg	cathEX_clip	cathEY_trigg	cathEY_clip	cathWX_trigg	cathWX_clip	cathWY_trigg	cathWY_clip
0.05		4.3		0.08		4.1		0.05		2.7		0.06		2.9
0.05		4		0.1		4.4		0.05		2.4		0.06		3.7
0.04		3.7		0.1		4.1		0.06		2.2		0.06		3.3
0.05		3.6		0.1		3.8		0.07		2.6		0.09		3.1
0.05		3.5		0.11		3.8		0.06		2.8		0.08		3.2
0.05		3.6		0.1		4.1		0.07		3.1		0.08		2.9
0.06		3.9		0.1		4.6		0.07		3.6		0.08		2.7
0.06		4.2		0.12		4.4		0.08		3.7		0.08		2.6
0.07		4.6		0.11		3.8		0.09		3.8		0.08		2.9
0.07		4.3		0.1		4.7		0.09		4		0.08		2.9
0.08		4.5		0.1		6		0.09		4.3		0.08		2.7
0.08		5		0.1		3.9		0.09		4.4		0.08		2.8
0.09		4.8		0.09		4.6		0.09		4.3		0.08		3.4
0.09		6.6		0.09		4		0.08		4.1		0.08		4.2
0.1		7.4		0.1		4.2		0.08		5.3		0.08		4.9
0.1		5.7		0.08		3.8		0.1		6.9		0.08		4