#cathEX_trigg	cathEX_clip	cathEY_trigg	cathEY_clip	cathWX_trigg	cathWX_clip	cathWY_trigg	cathWY_clip
0.06		3.4		0.09		2.8		0.07		4.2		0.09		3.4
0.05		3.1		0.1		4.1		0.06		3.4		0.09		3.8
0.06		3.1		0.1		5		0.07		3.1		0.09		4.1
0.06		3.5		0.12		4.2		0.08		3.3		0.1		3.8
0.06		3.9		0.11		4.3		0.08		3.5		0.1		3.8
0.06		3.7		0.11		4.7		0.08		3.9		0.09		3.7
0.07		3.7		0.11		4.6		0.09		4.1		0.09		3.5
0.08		4.2		0.13		4.7		0.1		4.6		0.09		3.3
0.09		4.8		0.11		4.5		0.1		4.5		0.1		3.4
0.09		5.2		0.1		4.8		0.1		5.2		0.09		3.7
0.1		5.4		0.1		5.8		0.11		5.1		0.09		3.4
0.11		5.4		0.1		4.3		0.11		4.8		0.09		4
0.12		5.5		0.08		4.6		0.11		5		0.09		4.3
0.12		6		0.09		5.1		0.1		5.4		0.1		5.1
0.13		5.9		0.1		5		0.1		6		0.1		5.2
0.14		5.8		0.09		3.4		0.14		6.1		0.1		4.1