19797 170.8038182
19797 175.9381828
19797 203.4259279
19797 179.2613104
19797 146.0176036
19797 146.1137256
19797 183.2122318
19797 166.8408805
19797 280.6611283
19797 263.2938800
19797 296.2508590
19797 400.1451137
19797 308.2642488
19797 297.1195742
19797 304.6808145
19797 289.8724033
19797 343.8660561
19797 225.7669312
19797 195.4608963
19797 286.0575882
19797 332.6570824
19797 335.0824574
19797 328.8010168
19797 251.1277499
19797 307.7014256
19797 279.1606123
19797 332.7529096
19797 343.7224902
19797 412.4941338
19797 367.5712568
19797 364.5190341
19797 311.3483073
19797 353.3652179
19797 370.2375880
19797 334.3957011
19797 307.1584618
19797 329.8888501
19797 341.9317646
19797 374.0504990
19797 296.5322864
19797 318.5138916
19797 314.9792831
19797 299.6288930
19797 319.5806883
19797 312.3891997
19797 344.9290475
19797 302.5820291
19797 346.0575981
19797 329.7595098
19797 254.0243030
19797 297.5908259
19797 372.7762973
19797 345.4796983
19797 292.5395968
19797 304.9119828
19797 390.1139290
19797 355.2932522
19797 273.4299767
19797 454.5784320
19797 369.3925256
19797 245.0151942
19797 390.8178905
19797 413.6313244
19797 357.7767146
19797 357.2450007
19797 327.5589298
19797 412.7989223
19797 298.3648076
19797 388.2412132
19797 391.8815379
19797 305.8672633
19797 342.2280085
19797 141.3157942
19797 29.5425897
