20797 170.6679206
20797 177.7372671
20797 208.5733995
20797 172.7923214
20797 150.9080845
20797 150.1243158
20797 192.4763737
20797 176.8346922
20797 311.3403217
20797 332.4003016
20797 278.9620748
20797 288.1262418
20797 290.4605915
20797 282.9707504
20797 309.1143636
20797 283.1290152
20797 305.2231215
20797 183.3616141
20797 347.5477334
20797 305.4416101
20797 320.9389047
20797 292.1801761
20797 280.5855120
20797 299.1193325
20797 304.6920956
20797 315.6145501
20797 335.0728357
20797 318.0753528
20797 310.9930930
20797 298.0966415
20797 308.7631853
20797 317.9685820
20797 332.8947087
20797 320.9519598
20797 325.1848809
20797 315.1462366
20797 331.7271686
20797 346.2310099
20797 309.6843629
20797 337.4507167
20797 88.8508363
20797 289.5381942
20797 322.3982293
20797 289.3305626
20797 278.3637258
20797 281.6023106
20797 309.9714184
20797 325.0750898
20797 313.8007951
20797 256.7129316
20797 293.9752942
20797 293.8490572
20797 303.9490342
20797 327.6015877
20797 305.9924100
20797 327.8128326
20797 311.3253911
20797 297.0942265
20797 292.3646168
20797 280.7505560
20797 274.9893137
20797 318.0995071
20797 288.1773681
20797 293.9156444
20797 309.9923131
20797 288.5871924
20797 279.7915409
20797 330.2193782
20797 347.5938474
20797 306.4016327
20797 329.9163385
20797 341.3230538
20797 136.2959504
20797 83.8621279
