19203 170.1362295
19203 176.6067986
19203 194.6400237
19203 178.7482335
19203 150.0746206
19203 149.7984601
19203 183.6486947
19203 165.2973245
19203 271.7934276
19203 228.0804492
19203 325.0474806
19203 428.8885668
19203 314.3877703
19203 307.6624919
19203 306.6581457
19203 291.1663645
19203 327.3572675
19203 213.1385673
19203 169.3912286
19203 284.4883955
19203 333.3427246
19203 345.3755294
19203 351.4811607
19203 255.1498921
19203 298.8686378
19203 290.1488071
19203 350.1271087
19203 348.3082117
19203 451.9690233
19203 382.4115623
19203 382.2380537
19203 307.5225830
19203 364.1448198
19203 390.6667715
19203 340.6251521
19203 324.3599668
19203 340.2035487
19203 354.4138935
19203 407.7097265
19203 291.5242717
19203 310.6991773
19203 327.2566863
19203 305.5260617
19203 322.0901735
19203 309.6610751
19203 345.8291284
19203 301.8600343
19203 340.1680961
19203 315.7454890
19203 254.3731101
19203 293.7352615
19203 374.6290980
19203 342.9727303
19203 293.9656115
19203 305.3877597
19203 391.7351130
19203 354.4402915
19203 276.0272259
19203 454.9062788
19203 374.5858728
19203 258.1595377
19203 390.4306963
19203 409.8127226
19203 360.4369394
19203 356.9031052
19203 326.2685927
19203 409.3354786
19203 297.3807757
19203 383.9293875
19203 377.4529803
19203 306.4270747
19203 336.0393158
19203 135.3569697
19203 74.3985117
