17626 170.119
17626 176.434
17626 199.271
17626 180.566
17626 145.694
17626 143.834
17626 178.697
17626 164.303
17626 290.364
17626 316.736
17626 286.305
17626 299.496
17626 284.931
17626 274.192
17626 273.931
17626 271.933
17626 285.913
17626 246.568
17626 265.912
17626 268.907
17626 307.428
17626 304.902
17626 286.237
17626 265.681
17626 323.789
17626 265.223
17626 292.09
17626 322.973
17626 317.857
17626 319.309
17626 303.255
17626 308.232
17626 317.935
17626 326.644
17626 305.635
17626 268.579
17626 293.05
17626 315.232
17626 315.442
17626 325.911
17626 263.999
17626 282.72
17626 329.417
17626 270.075
17626 244.988
17626 241.524
17626 269.055
17626 307.471
17626 291.627
17626 251.176
17626 259.158
17626 285.228
17626 309.272
17626 311.862
17626 285.61
17626 296.495
17626 276.251
17626 310.688
17626 323.487
17626 245.034
17626 263.825
17626 246.019
17626 275.487
17626 261.216
17626 319.491
17626 268.284
17626 233.027
17626 361.284
17626 313.855
17626 283.348
17626 346.613
17626 353.423
