21179 166.2402579
21179 177.0844866
21179 182.3893259
21179 174.1445485
21179 151.2753865
21179 146.5255443
21179 186.0527586
21179 171.1181927
21179 285.2154505
21179 229.1768811
21179 367.0460329
21179 391.8633717
21179 305.1218387
21179 310.0094013
21179 325.1229010
21179 297.7446190
21179 326.6778745
21179 108.5479772
21179 221.7076044
21179 321.9470447
21179 332.9299432
21179 345.3307380
21179 353.5270630
21179 289.0800314
21179 301.4558288
21179 339.5773372
21179 381.4567214
21179 343.7082727
21179 439.2848724
21179 347.7513177
21179 378.6920304
21179 315.7633091
21179 362.0975992
21179 382.2515185
21179 359.7197328
21179 372.2979007
21179 367.2910567
21179 379.3478595
21179 415.4543656
21179 304.9545535
21179 83.5057520
21179 293.8768554
21179 311.5056662
21179 293.1246241
21179 298.9743027
21179 297.4059758
21179 282.6554610
21179 333.2823604
21179 321.1035939
21179 260.7783622
21179 293.4559520
21179 305.8671501
21179 300.6088769
21179 320.4188119
21179 297.9776215
21179 348.5098630
21179 336.1943427
21179 295.6520570
21179 351.8342267
21179 260.8209632
21179 273.3771863
21179 339.2721988
21179 301.6113872
21179 288.0632696
21179 315.3519908
21179 289.3916464
21179 305.0272768
21179 321.8578539
21179 357.4712253
21179 316.5579682
21179 311.2997713
21179 287.4438358
21179 152.0101736
21179 74.5833468
