21352 167.4682884
21352 177.5406635
21352 185.7285982
21352 177.7448771
21352 152.4271316
21352 148.7216768
21352 185.7542376
21352 172.7544511
21352 288.0091453
21352 299.1039543
21352 290.9015158
21352 305.1659824
21352 291.4837199
21352 275.2684497
21352 288.3943491
21352 275.0013239
21352 286.6370334
21352 271.1778140
21352 304.1043348
21352 295.5345123
21352 311.4052705
21352 298.0158890
21352 292.5421047
21352 275.4533077
21352 333.7579983
21352 290.9566946
21352 314.7361723
21352 321.8858512
21352 328.0063172
21352 323.1123359
21352 331.9332739
21352 315.9618707
21352 327.3743426
21352 320.8135392
21352 331.1265003
21352 308.6513716
21352 306.2756039
21352 320.4338604
21352 299.7030215
21352 325.3219854
21352 84.8806162
21352 295.6919976
21352 306.7257997
21352 269.5577473
21352 271.2168027
21352 268.9967923
21352 306.7161636
21352 315.5447274
21352 280.8575069
21352 283.1777945
21352 284.5401181
21352 300.3232151
21352 302.2836748
21352 316.2777701
21352 301.1130105
21352 317.7334637
21352 299.1520818
21352 290.7726490
21352 328.7170794
21352 303.8325676
21352 301.0742596
21352 308.9929740
21352 306.7971830
21352 292.7846758
21352 307.2551528
21352 285.5972593
21352 275.4367264
21352 322.9822258
21352 315.7808989
21352 303.9944933
21352 327.6766606
21352 299.5835851
21352 152.7615228
21352 74.9515202
