19104 171.0211635
19104 177.3116534
19104 185.7079109
19104 179.0452390
19104 151.8659699
19104 151.4913158
19104 185.3928403
19104 166.3967235
19104 268.4208669
19104 214.1432192
19104 333.4311648
19104 431.5304121
19104 318.9540532
19104 312.5019583
19104 303.2366596
19104 294.7102013
19104 327.9724889
19104 211.4185368
19104 156.6462189
19104 284.5440101
19104 336.3816420
19104 347.8191854
19104 358.9432196
19104 252.0905638
19104 296.7996888
19104 292.5735233
19104 356.6851503
19104 352.8333036
19104 469.7040486
19104 389.0726855
19104 389.9097954
19104 306.7260316
19104 367.6159963
19104 397.1386274
19104 342.7897169
19104 331.5076200
19104 344.1519204
19104 358.2758244
19104 424.9073190
19104 286.1906314
19104 311.1924477
19104 324.7212362
19104 303.9636747
19104 323.8282625
19104 305.2369562
19104 347.4872985
19104 302.0758616
19104 343.8937450
19104 313.5237990
19104 256.8684357
19104 294.8531706
19104 375.9885849
19104 349.8299271
19104 292.4960040
19104 305.1687851
19104 397.1204923
19104 356.8053638
19104 273.4622058
19104 455.7710867
19104 378.1165964
19104 253.7830301
19104 395.0899716
19104 414.3001467
19104 365.3943056
19104 354.6413539
19104 326.1857753
19104 417.0470409
19104 311.3973249
19104 386.4830876
19104 377.0008726
19104 303.1716343
19104 325.2045978
19104 141.8175674
19104 74.3989165
