21921 166.9035834
21921 178.6750777
21921 201.8685032
21921 177.0673128
21921 145.2333993
21921 144.8195063
21921 176.7448567
21921 168.5200200
21921 297.1190692
21921 326.2043318
21921 271.6707119
21921 275.6775193
21921 288.3031694
21921 284.1416971
21921 283.1130470
21921 271.9127544
21921 288.8877158
21921 286.1584405
21921 335.6749309
21921 280.9282628
21921 313.5855074
21921 290.5060283
21921 275.3985521
21921 275.5677614
21921 333.1175117
21921 284.6314851
21921 299.6284102
21921 317.3044322
21921 291.3060549
21921 322.0142834
21921 312.3502253
21921 319.6288553
21921 331.6452355
21921 303.6988518
21921 322.2049390
21921 290.5480108
21921 298.8338624
21921 309.8702225
21921 272.3944601
21921 341.8352565
21921 84.3113863
21921 292.1799494
21921 324.9388777
21921 275.7333954
21921 268.9203841
21921 253.0824085
21921 300.8309794
21921 310.4113840
21921 278.7233566
21921 280.1430617
21921 281.8737866
21921 295.9194109
21921 310.4708109
21921 319.7035650
21921 292.3813795
21921 304.6149215
21921 286.3770255
21921 306.4947675
21921 267.7037183
21921 267.0613221
21921 314.3063007
21921 284.4718836
21921 291.3818848
21921 283.8874715
21921 313.7645832
21921 281.9032680
21921 259.6062627
21921 334.0679005
21921 307.0273314
21921 300.2525599
21921 316.6057642
21921 340.6260841
21921 153.2294158
21921 75.5343682
