21176 166.4404504
21176 177.1164732
21176 183.5043576
21176 174.0214097
21176 151.1856720
21176 146.5659118
21176 186.0347218
21176 171.1129765
21176 287.2891304
21176 228.2178666
21176 364.7279576
21176 391.5628303
21176 306.0365489
21176 309.1184413
21176 326.4302997
21176 298.7853449
21176 326.3532543
21176 108.1121025
21176 222.9140879
21176 322.5037837
21176 332.3808191
21176 345.5713523
21176 353.1974178
21176 291.3651249
21176 303.0121602
21176 341.7927341
21176 383.8587027
21176 341.9253071
21176 439.3564325
21176 348.2376980
21176 379.4060464
21176 316.2893483
21176 363.7557191
21176 384.7123525
21176 358.0286497
21176 370.4852073
21176 367.0752183
21176 382.1913057
21176 415.0565086
21176 304.2785863
21176 83.5690958
21176 293.0188748
21176 309.9298651
21176 288.7741927
21176 297.4047052
21176 292.8640885
21176 281.7868727
21176 337.1252734
21176 324.3899343
21176 258.2562976
21176 290.5441272
21176 305.5231624
21176 301.5903165
21176 319.9615356
21176 299.7284033
21176 350.9206519
21176 333.7747192
21176 291.2064166
21176 356.1436573
21176 260.2407330
21176 278.3696215
21176 336.9383533
21176 301.8068263
21176 288.8152885
21176 321.7011005
21176 290.5919699
21176 305.6658600
21176 322.0571958
21176 358.4473721
21176 314.0214549
21176 314.4083706
21176 286.3749967
21176 153.3113881
21176 74.7930898
