21544 167.5229450
21544 177.8755701
21544 204.8941110
21544 178.8812535
21544 153.4773287
21544 150.6081899
21544 188.4598442
21544 174.8283674
21544 294.5065891
21544 313.5807912
21544 281.4866450
21544 285.6433223
21544 294.7581682
21544 280.9892607
21544 284.5827652
21544 274.3506248
21544 286.6528252
21544 276.5631269
21544 319.2357908
21544 286.8234289
21544 315.7467286
21544 293.3757078
21544 281.9430071
21544 275.6164604
21544 335.2803849
21544 289.8063093
21544 311.4848808
21544 319.6450082
21544 313.6669546
21544 324.1897643
21544 324.8545377
21544 313.8649122
21544 330.3723595
21544 313.4727597
21544 328.2569874
21544 299.5289979
21544 303.0491556
21544 318.0396892
21544 285.0771491
21544 330.6560596
21544 85.0200986
21544 299.3865900
21544 308.8006198
21544 278.7476446
21544 273.3995058
21544 266.0414403
21544 309.4602338
21544 318.5846983
21544 284.0870907
21544 280.3743794
21544 284.5290816
21544 301.5400703
21544 307.9008050
21544 316.9809078
21544 300.3842620
21544 317.9110749
21544 299.7752705
21544 292.9258704
21544 326.9743702
21544 306.9035807
21544 304.1890506
21544 307.7376111
21544 305.3012869
21544 293.1887751
21544 312.4357504
21544 290.3901265
21544 276.9209023
21544 323.7251327
21544 317.5893248
21544 302.0087271
21544 326.4175572
21544 306.0786240
21544 145.6369410
21544 74.6943953
