17687 170.466
17687 176.389
17687 211.691
17687 180.586
17687 147.423
17687 144.419
17687 180.306
17687 166.772
17687 289.397
17687 309.697
17687 297.433
17687 310.25
17687 291.084
17687 278.897
17687 276.942
17687 275.87
17687 289.737
17687 247.048
17687 255.146
17687 271.888
17687 310.744
17687 310.878
17687 293.994
17687 264.779
17687 322.619
17687 266.981
17687 298.282
17687 328.032
17687 329.462
17687 326.775
17687 311.561
17687 308.485
17687 319.647
17687 332.994
17687 309.425
17687 274.569
17687 296.724
17687 318.932
17687 324.072
17687 324.2
17687 268.027
17687 285.366
17687 330.231
17687 273.349
17687 247.628
17687 247.007
17687 269.817
17687 311.862
17687 293.687
17687 251.736
17687 262.41
17687 291.728
17687 303.997
17687 310.355
17687 287.983
17687 302.35
17687 281.257
17687 309.857
17687 332.362
17687 250.36
17687 264.687
17687 258.363
17687 281.871
17687 267.148
17687 322.191
17687 272.41
17687 240.828
17687 359.28
17687 319.933
17687 289.861
17687 346.688
17687 345.154
