18048 172.897
18048 177.743
18048 181.975
18048 184.534
18048 139.613
18048 140.077
18048 176.351
18048 156.088
18048 291.139
18048 296.382
18048 316.805
18048 343.693
18048 299.354
18048 289.708
18048 282.559
18048 282.308
18048 301.303
18048 240.096
18048 248.549
18048 282.796
18048 319.724
18048 321.332
18048 305.325
18048 259.084
18048 320.714
18048 275.626
18048 313.093
18048 337.656
18048 364.496
18048 347.802
18048 337.908
18048 315.844
18048 335.516
18048 355.299
18048 324.796
18048 290.651
18048 310.448
18048 331.545
18048 349.496
18048 313.404
18048 281.367
18048 293.481
18048 334.872
18048 284.737
18048 259.829
18048 267.748
18048 277.343
18048 317.024
18048 305.142
18048 256.938
18048 276.653
18048 306.446
18048 317.233
18048 312.218
18048 292.878
18048 322.744
18048 289.947
18048 309.061
18048 357.377
18048 266.174
18048 269.746
18048 282.061
18048 307.674
18048 284.707
18048 335.133
18048 289.312
18048 274.029
18048 361.507
18048 332.594
18048 311.3
18048 341.255
18048 316.413
18048 133.987
18048 74.4452
