21572 167.3586521
21572 177.7256711
21572 191.4144433
21572 177.9231966
21572 152.4735965
21572 149.0448431
21572 187.2647176
21572 173.5371579
21572 292.5924454
21572 310.8679759
21572 277.9240617
21572 284.5856935
21572 291.6361250
21572 279.2445904
21572 283.9175668
21572 270.8903702
21572 284.7702774
21572 276.7431632
21572 318.2436968
21572 283.8026011
21572 314.5283727
21572 290.9534820
21572 280.9459430
21572 273.2422405
21572 329.4362292
21572 289.0247891
21572 307.5940067
21572 317.3043452
21572 311.4152605
21572 319.9042296
21572 321.5581945
21572 313.3975819
21572 324.7019150
21572 312.8790162
21572 326.3555118
21572 300.5948562
21572 300.1540417
21572 316.8651657
21572 287.3304970
21572 328.0728848
21572 84.9394431
21572 296.3541183
21572 307.3666763
21572 279.8441918
21572 272.4817945
21572 269.1673561
21572 307.9654398
21572 317.0558358
21572 282.8225897
21572 278.6793837
21572 283.4349469
21572 302.6966871
21572 309.2139636
21572 315.0166307
21572 299.9699419
21572 318.7470693
21572 301.6223087
21572 291.2671659
21572 332.6614084
21572 307.8070749
21572 304.2179820
21572 311.7141560
21572 309.5422358
21572 293.9931734
21572 311.2268273
21572 289.5486411
21572 282.7754991
21572 322.4076768
21572 316.5363453
21572 304.6912797
21572 324.1786800
21572 296.1777697
21572 153.0334900
21572 75.0189885
