21796 167.7146973
21796 177.1469926
21796 199.6357015
21796 177.4083812
21796 147.8354793
21796 147.1438324
21796 180.8933349
21796 168.8674065
21796 290.5384275
21796 307.6064516
21796 287.6146016
21796 297.9824686
21796 293.5911259
21796 284.6438161
21796 288.3534893
21796 279.2461046
21796 287.9084221
21796 279.0089833
21796 315.2738884
21796 285.2630169
21796 316.2428858
21796 298.6932346
21796 290.8891348
21796 274.5073088
21796 332.6491508
21796 289.2750745
21796 308.4995620
21796 321.0978418
21796 321.5499839
21796 330.2632012
21796 324.9348474
21796 316.2761498
21796 329.2538633
21796 310.4075770
21796 328.9171568
21796 305.7093435
21796 305.1217829
21796 315.4800726
21796 287.8402600
21796 335.0656967
21796 84.5853511
21796 300.9172953
21796 317.9702844
21796 284.7665282
21796 279.1851550
21796 267.2203182
21796 311.3095141
21796 318.7235878
21796 280.7292830
21796 282.9346157
21796 280.5535240
21796 305.7359235
21796 305.7704250
21796 318.4762851
21796 296.9857662
21796 322.3143785
21796 305.4500879
21796 297.0227542
21796 289.3745672
21796 278.4374538
21796 309.5619614
21796 306.6787654
21796 309.4429556
21796 298.7019573
21796 315.9306922
21796 294.2307289
21796 288.3174354
21796 323.5967509
21796 316.7862095
21796 315.7822882
21796 306.2573191
21796 306.6424948
21796 154.1033167
21796 75.6247854
