21383 166.4937215
21383 176.7814233
21383 191.6799771
21383 174.4270321
21383 151.6895422
21383 147.7396585
21383 185.4962976
21383 172.0233379
21383 289.0627536
21383 299.5818978
21383 291.1882678
21383 302.2744303
21383 291.7853777
21383 279.1757921
21383 286.5719244
21383 275.1795657
21383 286.2022970
21383 271.7382195
21383 300.7382596
21383 286.0386693
21383 311.8851500
21383 299.9625731
21383 293.7035946
21383 276.1383945
21383 331.4435063
21383 295.3577485
21383 316.1236563
21383 322.6296447
21383 331.5984811
21383 328.2754994
21383 334.6810822
21383 316.6686164
21383 328.3127233
21383 320.1431894
21383 330.4075091
21383 309.6271969
21383 306.6966823
21383 319.4893505
21383 303.0859235
21383 328.4436455
21383 84.6587853
21383 295.9570804
21383 309.3654469
21383 278.4459211
21383 274.9926827
21383 269.0064042
21383 307.0049963
21383 317.3139520
21383 282.2173906
21383 282.3122643
21383 287.4269157
21383 303.9476660
21383 308.4499930
21383 316.1571136
21383 301.8081740
21383 319.6656830
21383 306.8339582
21383 289.0933781
21383 332.3067223
21383 308.2360115
21383 296.1663286
21383 317.4106588
21383 311.6619446
21383 295.7289977
21383 312.5089879
21383 291.4709999
21383 285.7355663
21383 319.8967078
21383 321.0715347
21383 309.8869854
21383 321.0884965
21383 288.9685102
21383 153.5112624
21383 74.7065015
