21934 167.9554930
21934 180.6308278
21934 203.9925014
21934 181.4105068
21934 150.2129623
21934 149.0886148
21934 179.3567404
21934 170.6670899
21934 296.7456128
21934 321.0717514
21934 274.4671001
21934 278.1602471
21934 289.1505936
21934 286.1591102
21934 280.3678278
21934 270.2023743
21934 286.9433629
21934 285.5901633
21934 334.2476847
21934 284.0972254
21934 314.2042845
21934 290.2482532
21934 276.5623718
21934 275.8935979
21934 332.9571243
21934 284.2981363
21934 301.7693549
21934 320.1517784
21934 294.6136196
21934 323.2258372
21934 314.5696832
21934 319.1516842
21934 330.9426633
21934 303.0684851
21934 323.9908161
21934 294.2376012
21934 298.2685123
21934 309.6568914
21934 270.2913015
21934 338.5600611
21934 84.2707765
21934 296.0277760
21934 320.7300462
21934 275.7236905
21934 271.0689538
21934 254.3768156
21934 303.1942742
21934 308.0264375
21934 280.5309327
21934 280.9625210
21934 281.9713131
21934 296.4446307
21934 311.2532504
21934 321.5890858
21934 292.1668649
21934 306.4270018
21934 289.8787923
21934 303.4646133
21934 271.2491818
21934 267.9227808
21934 309.4611295
21934 283.0484556
21934 295.5009999
21934 288.8082251
21934 310.2965410
21934 284.1184616
21934 268.6554661
21934 332.6253332
21934 309.8766723
21934 301.0298980
21934 313.3467541
21934 336.8833965
21934 153.4092037
21934 75.7723827
