17641 170.822
17641 176.818
17641 194.322
17641 181.948
17641 146.606
17641 144.891
17641 179.037
17641 164.958
17641 288.805
17641 310.478
17641 292.459
17641 304.04
17641 285.168
17641 274.465
17641 273.05
17641 272.562
17641 285.792
17641 244.181
17641 258.208
17641 269.656
17641 307.876
17641 307.261
17641 289.343
17641 263.625
17641 322.082
17641 266.21
17641 295.454
17641 324.08
17641 323.867
17641 321.989
17641 307.208
17641 305.987
17641 316.228
17641 329.013
17641 306.893
17641 271.828
17641 292.712
17641 317.185
17641 322.223
17641 322.489
17641 264.33
17641 282.448
17641 328.196
17641 268.629
17641 244.565
17641 241.793
17641 267.9
17641 308.224
17641 292.483
17641 247.324
17641 260.083
17641 285.092
17641 298.645
17641 309.013
17641 284.138
17641 297.965
17641 274.93
17641 309.685
17641 324.264
17641 244.831
17641 264.122
17641 247.703
17641 274.661
17641 261.561
17641 318.791
17641 268.103
17641 232.107
17641 361.298
17641 315.345
17641 283.939
17641 345.008
17641 351.919
