18047 173.072
18047 177.818
18047 182.396
18047 184.852
18047 139.79
18047 140.158
18047 176.761
18047 156.258
18047 291.761
18047 294.547
18047 318.214
18047 343.463
18047 299.516
18047 290.114
18047 282.764
18047 282.082
18047 300.876
18047 240.537
18047 248.157
18047 282.781
18047 319.792
18047 321.306
18047 305.446
18047 258.444
18047 321.216
18047 275.127
18047 312.456
18047 337.91
18047 363.805
18047 347.717
18047 337.901
18047 317.306
18047 337.666
18047 353.945
18047 322.588
18047 290.28
18047 309.804
18047 331.814
18047 348.947
18047 314.13
18047 280.957
18047 292.959
18047 334.755
18047 284.822
18047 259.415
18047 267.61
18047 277.744
18047 315.334
18047 303.953
18047 255.848
18047 276.347
18047 306.627
18047 317.16
18047 313.361
18047 293.109
18047 322.788
18047 289.561
18047 308.355
18047 354.736
18047 266.502
18047 270.726
18047 278.233
18047 303.02
18047 286.302
18047 338.733
18047 290.766
18047 273.734
18047 362.245
18047 333.761
18047 311.203
18047 341.504
18047 317.566
18047 134.073
18047 74.4369
