17693 169.958
17693 176.14
17693 214.318
17693 179.919
17693 147.13
17693 144.139
17693 180.118
17693 166.262
17693 290.137
17693 312.96
17693 296.374
17693 308.162
17693 291.073
17693 278.4
17693 277.13
17693 274.935
17693 289.639
17693 246.944
17693 258.465
17693 271.985
17693 310.316
17693 311.633
17693 291.567
17693 264.837
17693 323.433
17693 267.748
17693 296.151
17693 327.434
17693 325.97
17693 325.483
17693 309.963
17693 308.273
17693 317.801
17693 331.223
17693 309.368
17693 272.579
17693 294.68
17693 318.198
17693 321.724
17693 326.455
17693 267.29
17693 285.487
17693 330.785
17693 272.244
17693 247.668
17693 245.071
17693 270.189
17693 311.506
17693 294.297
17693 252.555
17693 262.097
17693 290.425
17693 303.765
17693 311.313
17693 287.824
17693 301.224
17693 279.233
17693 309.924
17693 329.902
17693 248.719
17693 265.277
17693 256.226
17693 280.446
17693 265.147
17693 321.926
17693 271.917
17693 237.303
17693 359.62
17693 319.227
17693 288.119
17693 347.844
17693 348.649
