17671 170.471
17671 176.386
17671 204.994
17671 180.077
17671 147.432
17671 144.359
17671 180.471
17671 166.531
17671 288.208
17671 303.992
17671 299.297
17671 316.808
17671 289.949
17671 279.198
17671 276.324
17671 275.164
17671 289.151
17671 242.892
17671 251.333
17671 270.827
17671 310.132
17671 310.939
17671 294.574
17671 263.468
17671 322.071
17671 267.296
17671 300.7
17671 327.359
17671 333.373
17671 327.664
17671 315.039
17671 307.984
17671 319.651
17671 334.578
17671 309.543
17671 276.077
17671 296.017
17671 319.588
17671 328.279
17671 321.461
17671 269.587
17671 285.986
17671 328.076
17671 273.156
17671 249.344
17671 248.298
17671 270.078
17671 312.434
17671 292.924
17671 249.837
17671 261.249
17671 291.862
17671 304.207
17671 308.645
17671 286.258
17671 305.129
17671 282.916
17671 307.643
17671 335.065
17671 251.973
17671 263.393
17671 258.889
17671 283.842
17671 269.021
17671 321.506
17671 273.158
17671 245.496
17671 356.098
17671 321.425
17671 292.635
17671 345.026
17671 338.297
