17703 170.502
17703 176.5
17703 210.681
17703 180.643
17703 147.431
17703 144.454
17703 180.332
17703 166.676
17703 291.403
17703 316.591
17703 291.196
17703 300.592
17703 288.306
17703 276.772
17703 275.28
17703 273.795
17703 287.793
17703 247.682
17703 262.817
17703 270.098
17703 310.082
17703 309.532
17703 288.076
17703 263.876
17703 322.787
17703 266.619
17703 293.959
17703 326.945
17703 320.337
17703 322.852
17703 306.002
17703 308.381
17703 316.207
17703 328.104
17703 307.001
17703 268.931
17703 294.675
17703 315.46
17703 315.643
17703 326.731
17703 264.882
17703 283.262
17703 331.187
17703 271.767
17703 246.648
17703 242.225
17703 270.116
17703 308.343
17703 294.115
17703 253.848
17703 260.323
17703 287.294
17703 301.253
17703 310.916
17703 286.851
17703 298.839
17703 276.291
17703 310.546
17703 326.209
17703 246.518
17703 265.53
17703 251.543
17703 276.441
17703 262.635
17703 320.243
17703 270.535
17703 232.282
17703 361.509
17703 316.56
17703 284.819
17703 348.893
17703 355.151
