16987 167.321
16987 175.862
16987 190.16
16987 176.424
16987 142.906
16987 142.633
16987 180.03
16987 160.109
16987 284.467
16987 310.127
16987 286.98
16987 296.784
16987 281.632
16987 269.877
16987 268.05
16987 269.679
16987 276.741
16987 255.257
16987 276.625
16987 263.573
16987 300.091
16987 291.873
16987 284.154
16987 260.246
16987 326.325
16987 260.039
16987 283.661
16987 314.463
16987 312.207
16987 313.041
16987 299.831
16987 299.173
16987 301.881
16987 312.345
16987 301.232
16987 272.466
16987 298.197
16987 311.7
16987 313.999
16987 320.844
16987 277.223
16987 284.575
16987 301.177
16987 267.951
16987 264.767
16987 249.382
16987 270.605
16987 295.213
16987 274.541
16987 253.335
16987 257.099
16987 296.87
16987 293.882
16987 296.937
16987 288.304
16987 323.707
16987 299.376
16987 294.294
16987 325.955
16987 276.151
16987 281.545
16987 282.607
16987 285.217
16987 261.776
16987 279.916
16987 262.551
16987 265.932
16987 323.953
16987 318.332
16987 293.432
16987 327.71
16987 292.299
