21922 166.8694432
21922 178.7033571
21922 203.1987133
21922 176.8273990
21922 145.2371678
21922 144.7055727
21922 176.2434068
21922 168.6374672
21922 297.5009913
21922 325.8826331
21922 272.4425348
21922 278.5866317
21922 288.1471320
21922 285.4458343
21922 285.2955405
21922 273.1080311
21922 290.1543351
21922 285.5710551
21922 334.5966004
21922 282.0918443
21922 312.3306645
21922 288.7788138
21922 275.5347663
21922 274.5982957
21922 330.6056948
21922 284.0324759
21922 298.2216613
21922 319.9565319
21922 292.7030689
21922 321.6582138
21922 311.0647941
21922 316.3970451
21922 329.0667951
21922 302.3938135
21922 324.8196519
21922 290.8189784
21922 298.4762702
21922 311.2282169
21922 272.4625788
21922 339.8109806
21922 84.3238158
21922 293.6569497
21922 321.4067389
21922 273.8230326
21922 269.7187958
21922 253.6369082
21922 305.9438787
21922 313.0501156
21922 282.0917810
21922 282.5379493
21922 282.1054035
21922 293.6978552
21922 313.4894935
21922 320.3231949
21922 291.9101327
21922 304.7706246
21922 287.1664294
21922 303.1735703
21922 269.4562560
21922 266.1301578
21922 312.2525393
21922 282.3518026
21922 292.7130909
21922 284.8569340
21922 316.6684461
21922 281.4576038
21922 263.0328542
21922 331.2809987
21922 305.8769861
21922 295.7284835
21922 319.7277301
21922 339.3592994
21922 152.5119289
21922 75.4071515
