20623 172.8634223
20623 176.0140123
20623 181.4124471
20623 171.9562203
20623 144.1225753
20623 154.9055840
20623 197.6234141
20623 174.7937201
20623 314.1459537
20623 292.4790546
20623 304.6177482
20623 319.8962264
20623 291.3461599
20623 286.4356875
20623 311.0857215
20623 289.3473790
20623 307.0663922
20623 177.4234206
20623 321.6667698
20623 308.8860098
20623 324.6674530
20623 306.3832904
20623 300.5208366
20623 299.3384011
20623 302.8985610
20623 321.6416760
20623 356.9175968
20623 327.1105849
20623 371.2541132
20623 319.7032926
20623 346.0005755
20623 312.0023848
20623 346.1079771
20623 344.6353393
20623 334.7605042
20623 344.5635501
20623 351.7721104
20623 347.7800324
20623 357.4667693
20623 318.6498857
20623 89.9439658
20623 291.5420869
20623 319.5516583
20623 287.4245020
20623 278.2990502
20623 282.0170328
20623 316.5270590
20623 316.4988959
20623 318.0252790
20623 256.8677347
20623 290.4047568
20623 293.7637678
20623 297.1582286
20623 325.5781797
20623 304.2614313
20623 326.7686530
20623 317.1191584
20623 289.7717466
20623 279.7530614
20623 283.8229134
20623 276.8144527
20623 324.0908576
20623 288.9306333
20623 294.4111717
20623 309.4907783
20623 292.5352280
20623 286.3993343
20623 340.1758259
20623 349.1734956
20623 309.6910032
20623 324.4232704
20623 334.4601091
20623 144.7314191
20623 77.3559129
