17664 170.371
17664 176.473
17664 202.673
17664 180.567
17664 147.761
17664 144.605
17664 180.75
17664 167.069
17664 288.991
17664 303.937
17664 299.246
17664 316.399
17664 289.609
17664 278.641
17664 277.089
17664 274.722
17664 288.384
17664 243.783
17664 249.477
17664 270.857
17664 310.139
17664 310.832
17664 294.889
17664 263.377
17664 321.831
17664 268.008
17664 300.998
17664 326.501
17664 334.397
17664 327.193
17664 314.919
17664 307.414
17664 318.982
17664 334.036
17664 309.485
17664 276.561
17664 296.39
17664 319.54
17664 329.965
17664 320.666
17664 269.522
17664 286.023
17664 327.219
17664 273.469
17664 248.595
17664 248.034
17664 270.302
17664 311.671
17664 292.229
17664 249.123
17664 261.013
17664 291.007
17664 303.677
17664 309.545
17664 286.62
17664 305.673
17664 282.552
17664 307.88
17664 334.894
17664 252.464
17664 262.579
17664 257.378
17664 284.25
17664 268.602
17664 321.758
17664 272.694
17664 245.407
17664 356.124
17664 321.058
17664 292.972
17664 344.653
17664 337.455
