20906 170.6437849
20906 178.0138637
20906 224.6863237
20906 174.5033528
20906 145.0486811
20906 147.8499281
20906 178.2235571
20906 167.0118999
20906 312.8860071
20906 336.0374855
20906 288.9534178
20906 283.5330988
20906 289.4035290
20906 299.5452170
20906 313.7733596
20906 288.5362512
20906 318.8641621
20906 156.3090425
20906 340.0857122
20906 325.8014234
20906 322.9693325
20906 303.1317230
20906 285.8681588
20906 302.3077057
20906 303.0334116
20906 318.3257701
20906 341.4848868
20906 322.9710504
20906 317.3251598
20906 306.8488037
20906 317.7125843
20906 324.6241489
20906 341.6930960
20906 342.7829206
20906 334.7488843
20906 314.7722358
20906 332.1100542
20906 346.2571457
20906 312.8014032
20906 342.0246319
20906 92.4215201
20906 275.1846122
20906 329.7539779
20906 290.3737440
20906 301.0065842
20906 283.0453820
20906 285.3047005
20906 330.1441488
20906 320.5107264
20906 258.2433145
20906 281.3724291
20906 290.7947381
20906 311.0314770
20906 324.9422166
20906 306.6986012
20906 339.3903566
20906 325.0191748
20906 307.8138430
20906 292.7039420
20906 244.2052150
20906 261.1621896
20906 312.5789599
20906 286.1047236
20906 293.4263358
20906 321.1158162
20906 294.2934631
20906 266.1201755
20906 342.8366769
20906 343.5056672
20906 305.2972719
20906 300.2645384
20906 369.0304281
20906 133.2027444
20906 83.6415096
