21378 166.4718229
21378 176.7813703
21378 182.3885011
21378 173.5551680
21378 151.3237813
21378 147.3264433
21378 185.6115801
21378 171.8353322
21378 288.6218878
21378 295.4256577
21378 290.7223371
21378 302.0106425
21378 292.9207644
21378 277.0732146
21378 288.1978961
21378 274.7928068
21378 286.3615940
21378 270.9910243
21378 300.0488977
21378 285.0393937
21378 311.4240315
21378 299.1838785
21378 291.8277084
21378 274.8619127
21378 331.0859342
21378 293.7066683
21378 314.4034879
21378 319.5962780
21378 328.1607487
21378 326.0786487
21378 328.7056891
21378 314.3065060
21378 328.5927292
21378 321.5334726
21378 328.5947048
21378 309.1526461
21378 308.9647069
21378 318.1168548
21378 300.3526833
21378 325.1028003
21378 84.4473316
21378 295.0879117
21378 303.6603742
21378 278.9448585
21378 273.4949317
21378 269.2326986
21378 308.1226645
21378 316.2252675
21378 281.1414778
21378 284.5495016
21378 283.6766520
21378 301.4202792
21378 308.4055380
21378 315.0483634
21378 302.1428699
21378 320.0190987
21378 300.4447333
21378 288.4005558
21378 334.3309972
21378 307.9709860
21378 295.8837509
21378 315.6826866
21378 312.3673261
21378 291.0202896
21378 310.1886878
21378 292.8132320
21378 283.0434432
21378 316.9831214
21378 319.6070672
21378 305.4084458
21378 320.0804718
21378 291.3479787
21378 157.0080941
21378 74.9292365
