21605 164.1868132
21605 173.9680648
21605 195.0141639
21605 170.5405378
21605 139.3003203
21605 150.2660175
21605 176.5405924
21605 162.3771659
21605 292.6813875
21605 318.3977105
21605 276.2046974
21605 280.0959416
21605 289.2406771
21605 277.9697953
21605 279.3383334
21605 268.9049834
21605 281.8939072
21605 274.4152537
21605 319.3197412
21605 278.0929299
21605 313.4176025
21605 286.9329236
21605 276.8539160
21605 273.0120692
21605 333.5273965
21605 292.2417121
21605 301.3981670
21605 317.3074081
21605 304.8163192
21605 320.4796510
21605 316.5361070
21605 312.2237048
21605 325.4645628
21605 308.4100689
21605 325.5540234
21605 296.6606367
21605 300.2604003
21605 313.1168466
21605 284.0325678
21605 329.3754032
21605 85.0539836
21605 297.2259402
21605 310.4219631
21605 274.2109662
21605 266.5741460
21605 261.5312291
21605 306.1808652
21605 316.9135279
21605 277.6193109
21605 273.9466703
21605 281.1255781
21605 297.4403623
21605 304.5218994
21605 313.6710974
21605 297.6252176
21605 314.8992065
21605 299.5345139
21605 296.7317043
21605 324.9881007
21605 299.9777401
21605 299.2684063
21605 305.5819124
21605 298.1367651
21605 286.8199213
21605 305.4676465
21605 284.1986603
21605 272.8717284
21605 324.0620772
21605 312.6822827
21605 304.6190016
21605 322.9669520
21605 307.4307149
21605 131.3860076
21605 75.1671170
