18215 171.4732451
18215 177.7858266
18215 215.2395784
18215 182.6831794
18215 145.1202125
18215 146.7565078
18215 180.4666918
18215 158.9220004
18215 274.2426327
18215 299.3534078
18215 300.3547720
18215 327.3549464
18215 296.8415342
18215 289.2916375
18215 284.6596237
18215 279.7729561
18215 305.4395093
18215 249.4573757
18215 243.2610791
18215 281.2086872
18215 315.2073012
18215 315.8450952
18215 300.2581259
18215 254.2938898
18215 315.1022547
18215 265.0372810
18215 304.5113810
18215 333.2843025
18215 358.0492013
18215 339.0447448
18215 326.5255464
18215 312.9223865
18215 323.9450589
18215 345.4392166
18215 321.9270282
18215 283.3523754
18215 307.7604765
18215 321.9299492
18215 339.2789759
18215 315.5519296
18215 275.3938967
18215 290.5110986
18215 312.8419886
18215 278.6930800
18215 279.9467942
18215 270.4854885
18215 284.6701000
18215 315.9229056
18215 289.7686750
18215 261.4756228
18215 279.0911180
18215 285.0770034
18215 316.8225262
18215 310.1613877
18215 295.7752656
18215 323.8949838
18215 279.4184587
18215 299.8419384
18215 349.9833589
18215 279.5946831
18215 302.4027651
18215 282.9020542
18215 310.4691797
18215 287.7185434
18215 337.7119915
18215 284.7907027
18215 268.9893077
18215 356.1382272
18215 341.4452434
18215 296.9427171
18215 327.5071271
18215 301.0527819
18215 122.1675915
18215 73.8126928
