21585 167.1171277
21585 177.5158890
21585 195.5870740
21585 177.3232949
21585 151.4591575
21585 148.2145634
21585 187.0165807
21585 173.2019071
21585 292.7395060
21585 309.0973643
21585 280.1607559
21585 286.9426038
21585 289.7522996
21585 280.3990246
21585 283.3243621
21585 273.8357547
21585 285.8853341
21585 275.3838023
21585 314.7642573
21585 282.6881194
21585 314.5449263
21585 292.2459847
21585 284.8385972
21585 272.4123224
21585 331.3001770
21585 290.8801759
21585 308.1859710
21585 320.9801809
21585 313.7727068
21585 322.7183062
21585 323.2037784
21585 311.1263536
21585 327.6489482
21585 316.1866233
21585 326.6257620
21585 302.1585210
21585 302.8721076
21585 318.0891169
21585 288.9070819
21585 327.9338400
21585 85.1055938
21585 295.1958923
21585 308.2365469
21585 279.3813970
21585 273.1086193
21585 269.0038899
21585 308.9344782
21585 319.4848285
21585 281.9946317
21585 280.9129124
21585 284.9653095
21585 304.2101385
21585 308.1658855
21585 317.4237969
21585 300.8399420
21585 318.5483378
21585 303.8235355
21585 291.3521832
21585 330.2635801
21585 308.7626892
21585 302.7856609
21585 311.9056797
21585 310.5892352
21585 296.1568714
21585 309.7149258
21585 290.2420453
21585 282.5933390
21585 322.0997167
21585 317.7320081
21585 307.0918653
21585 325.0544460
21585 296.3524581
21585 151.6032349
21585 75.1437808
