21210 166.5162965
21210 177.0420072
21210 179.7079436
21210 174.8211428
21210 151.4075372
21210 146.3338562
21210 186.6412735
21210 171.2624792
21210 284.1545543
21210 223.1875954
21210 370.6900986
21210 396.6956622
21210 304.3186268
21210 313.1858526
21210 326.8684402
21210 298.4452087
21210 326.1843143
21210 105.3501550
21210 216.3816221
21210 321.3134281
21210 332.3925694
21210 347.6409433
21210 355.5990598
21210 299.2079150
21210 304.6862962
21210 346.5928686
21210 385.6463127
21210 344.3858028
21210 444.7621680
21210 349.2859394
21210 385.5491499
21210 316.0429460
21210 364.7120253
21210 385.8966972
21210 359.1372546
21210 373.2948768
21210 369.7031707
21210 381.1322370
21210 418.1076088
21210 295.8196904
21210 83.3826429
21210 294.0709924
21210 307.8361519
21210 293.1557403
21210 298.6381627
21210 300.1039991
21210 282.8774755
21210 336.0043598
21210 319.4623789
21210 259.4127983
21210 293.5710445
21210 302.3295385
21210 301.0712501
21210 317.4397557
21210 300.1924995
21210 350.8346181
21210 338.3297466
21210 288.0935760
21210 354.2751949
21210 263.4211218
21210 273.1249258
21210 336.7989237
21210 305.6839494
21210 290.0682053
21210 317.6876429
21210 292.0306310
21210 308.6210654
21210 319.8416633
21210 353.6204678
21210 318.1466498
21210 311.2653627
21210 280.1384139
21210 155.2029575
21210 74.7003928
