16997 167.087
16997 175.737
16997 192.319
16997 176.248
16997 142.724
16997 142.424
16997 179.948
16997 159.815
16997 284.609
16997 308.435
16997 287.726
16997 298.076
16997 282.185
16997 270.601
16997 269.192
16997 269.637
16997 277.176
16997 255.178
16997 274.361
16997 264.179
16997 301.235
16997 291.367
16997 285.06
16997 261.073
16997 325.663
16997 259.841
16997 285.063
16997 314.045
16997 313.554
16997 313.855
16997 300.369
16997 298.052
16997 301.76
16997 313.282
16997 301.409
16997 275.571
16997 297.761
16997 311.904
16997 316.608
16997 320.596
16997 279.173
16997 285.346
16997 301.599
16997 268.709
16997 264.984
16997 250.922
16997 271.046
16997 294.773
16997 274.741
16997 253.955
16997 258.231
16997 296.949
16997 293.835
16997 297.252
16997 288.092
16997 324.279
16997 299.575
16997 295.402
16997 326.234
16997 276.871
16997 282.234
16997 281.035
16997 285.644
16997 262.518
16997 280.003
16997 263.92
16997 265.199
16997 324.237
16997 317.465
16997 293.029
16997 328.282
16997 293.183
