19595 161.805
19595 173.796
19595 174.51
19595 171.554
19595 146.124
19595 142.62
19595 181.447
19595 164.641
19595 315.239
19595 329.887
19595 299.635
19595 294.469
19595 291.902
19595 295.61
19595 314.792
19595 290.92
19595 317.73
19595 149.39
19595 333.689
19595 325.922
19595 325.848
19595 311.274
19595 292.661
19595 303.334
19595 309.447
19595 328.581
19595 348.351
19595 326.681
19595 335.135
19595 316.963
19595 325.989
19595 324.445
19595 343.327
19595 346.574
19595 336.98
19595 324.585
19595 337.813
19595 354.096
19595 328.36
19595 337.818
19595 91.0943
19595 282.485
19595 335.623
19595 296.401
19595 303.626
19595 287.789
19595 292.632
19595 335.705
19595 318.713
19595 257.292
19595 285.499
19595 296.569
19595 313.828
19595 326.425
19595 310.397
19595 348.232
19595 333.631
19595 311.284
19595 300.174
19595 240.202
19595 270.415
19595 322.845
19595 293.397
19595 301.749
19595 326.207
19595 298.178
19595 276.129
19595 346.346
19595 351.298
19595 308.428
19595 297.482
19595 360.451
