23121 183.3495502
23121 182.3929181
23121 211.2851526
23121 188.8968495
23121 143.6252573
23121 144.5897300
23121 168.9093307
23121 159.0412700
23121 297.4494354
23121 281.4039208
23121 291.5242450
23121 300.1097822
23121 294.9814608
23121 276.0767578
23121 288.8357897
23121 274.7720047
23121 273.9976437
23121 246.1702171
23121 279.8241270
23121 288.1404371
23121 307.5275818
23121 301.5225015
23121 293.2373727
23121 276.0964995
23121 326.2310893
23121 295.7961344
23121 323.8859059
23121 317.8680732
23121 337.4655509
23121 331.4146106
23121 328.6918993
23121 311.1909204
23121 336.9054001
23121 340.5273902
23121 325.3800351
23121 306.1879027
23121 324.1932231
23121 333.9175370
23121 318.6441499
23121 319.2901188
23121 83.7134327
23121 295.8586822
23121 284.0113592
23121 283.8275198
23121 278.1543640
23121 297.0330605
23121 306.3436588
23121 326.1586043
23121 285.5900713
23121 279.3236865
23121 274.3073409
23121 328.3877678
23121 321.4410683
23121 302.7004271
23121 302.8638109
23121 341.0161074
23121 331.9705331
23121 289.9771065
23121 361.3885558
23121 312.8759680
23121 284.2011314
23121 334.1992819
23121 348.9587206
23121 307.3845338
23121 313.7496083
23121 293.1723482
23121 319.0219866
23121 315.6332259
23121 337.7865616
23121 355.2957153
23121 316.1116550
23121 250.0772534
23121 153.8855502
23121 34.0273403
