19592 102.667
19592 120.645
19592 112.198
19592 220.67
19592 96.026
19592 102.455
19592 114.859
19592 115.502
19592 316.644
19592 342.691
19592 292.862
19592 283.139
19592 291.173
19592 293.509
19592 311.947
19592 289.261
19592 314.762
19592 155.653
19592 344.068
19592 326.291
19592 324.943
19592 306.028
19592 286.765
19592 306.161
19592 310.598
19592 324.946
19592 345.029
19592 324.711
19592 320.43
19592 309.488
19592 317.179
19592 328.168
19592 338.572
19592 340.574
19592 334.468
19592 316.764
19592 333.45
19592 348.624
19592 316.205
19592 343.68
19592 93.0145
19592 279.792
19592 335.837
19592 295.157
19592 301.751
19592 281.699
19592 287.126
19592 332.223
19592 316.568
19592 255.697
19592 282.513
19592 291.774
19592 311.773
19592 326.793
19592 309.6
19592 344.421
19592 328.657
19592 315.713
19592 295.004
19592 248.19
19592 271.306
19592 309.987
19592 286.404
19592 296.362
19592 323.953
19592 293.28
19592 263.96
19592 345.673
19592 345.313
19592 305.673
19592 302.855
19592 375.843
