23032 182.5585115
23032 182.7391014
23032 215.2014956
23032 189.3196388
23032 148.1025427
23032 147.0442955
23032 175.4524441
23032 164.5190945
23032 301.3095376
23032 285.9462825
23032 287.0659995
23032 297.9900681
23032 299.6067450
23032 272.5274200
23032 286.6105514
23032 275.7954950
23032 274.2983030
23032 249.1522003
23032 284.7504025
23032 287.8647537
23032 308.8199745
23032 300.2360727
23032 289.7196332
23032 275.2637782
23032 321.9920283
23032 291.3126360
23032 323.8861035
23032 316.0296380
23032 330.9635939
23032 322.6784034
23032 319.7800351
23032 314.8664410
23032 337.3058988
23032 340.0910770
23032 323.1279415
23032 302.5816180
23032 322.0230237
23032 329.1613407
23032 309.7832142
23032 322.1886403
23032 84.1268786
23032 297.2923181
23032 284.1943598
23032 280.9181598
23032 273.9000371
23032 290.8550577
23032 302.4984863
23032 326.4986206
23032 283.3048748
23032 278.2687274
23032 275.4055838
23032 324.8417855
23032 320.7373513
23032 304.0814210
23032 302.1650522
23032 335.6557991
23032 323.2716001
23032 293.4270361
23032 353.4172479
23032 308.2049853
23032 283.8015471
23032 331.5959410
23032 340.8448731
23032 300.6551707
23032 311.0146498
23032 290.6293127
23032 306.4165851
23032 321.0168763
23032 333.0427389
23032 346.9304566
23032 319.6308597
23032 264.1338125
23032 151.6379848
23032 21.7811935
