21149 166.2434883
21149 177.2174795
21149 179.9910809
21149 174.2867097
21149 151.3388544
21149 146.0902411
21149 186.1141169
21149 170.9749690
21149 287.4634149
21149 230.8947925
21149 368.1330728
21149 390.9335417
21149 309.2739605
21149 309.8651811
21149 324.9877319
21149 296.3584174
21149 325.4414014
21149 110.7926113
21149 223.7978467
21149 321.4518259
21149 332.0058530
21149 343.8505400
21149 352.9581664
21149 289.4268875
21149 301.6872528
21149 341.0219165
21149 381.0105293
21149 342.6006611
21149 439.9023353
21149 347.6581021
21149 381.3783029
21149 314.0345037
21149 365.3169479
21149 383.4059152
21149 358.5734596
21149 372.7721634
21149 370.2605441
21149 381.0350508
21149 416.0660444
21149 305.7204180
21149 83.9648895
21149 294.4256570
21149 308.7812827
21149 289.1678288
21149 299.3304063
21149 298.3825484
21149 280.3032391
21149 333.1422310
21149 323.7395791
21149 250.9855640
21149 292.8228904
21149 307.6005865
21149 300.9305504
21149 320.7787909
21149 298.9741872
21149 347.9461070
21149 332.1335036
21149 297.6045321
21149 356.0104246
21149 261.6629514
21149 276.6653735
21149 338.7236248
21149 302.1484084
21149 286.8606294
21149 317.7365483
21149 289.8561944
21149 302.9703697
21149 323.7317717
21149 356.0920064
21149 315.2639157
21149 313.7472186
21149 289.6517874
21149 154.3244490
21149 75.1205908
