21714 168.4680367
21714 179.2341629
21714 200.4100321
21714 184.3700967
21714 151.8025747
21714 152.0189505
21714 180.2941671
21714 169.1594323
21714 293.1504384
21714 321.4822324
21714 276.6377585
21714 279.2112604
21714 289.4052256
21714 280.2934943
21714 284.6613108
21714 275.1856756
21714 286.8374256
21714 284.6567630
21714 329.0313154
21714 281.9274081
21714 316.4593766
21714 291.7443757
21714 281.0587755
21714 274.2155806
21714 331.5914772
21714 285.2260449
21714 300.0789252
21714 321.1257747
21714 299.0243316
21714 323.7814545
21714 313.1702655
21714 319.0835075
21714 321.9668605
21714 304.0727297
21714 322.1825934
21714 294.0791761
21714 297.6818024
21714 311.8913387
21714 275.0262540
21714 339.6951019
21714 84.5923491
21714 294.1233174
21714 323.5046416
21714 277.6932699
21714 272.9023359
21714 252.0623850
21714 300.9685508
21714 308.5726133
21714 280.7199696
21714 279.0221898
21714 278.7814903
21714 292.0512607
21714 312.1751776
21714 321.1814132
21714 293.0938470
21714 308.3611732
21714 285.5290980
21714 303.8789022
21714 267.8233559
21714 260.2547251
21714 310.1588083
21714 287.5249364
21714 294.1460322
21714 285.9130295
21714 310.0360630
21714 285.2897834
21714 264.9691642
21714 338.2579199
21714 308.7723886
21714 298.4744328
21714 315.5648837
21714 342.1581503
21714 145.9814837
21714 75.6506721
