22051 170.7390901
22051 178.0798656
22051 208.5728684
22051 176.2595987
22051 142.3439586
22051 145.3768084
22051 174.1099431
22051 163.6405050
22051 293.9471537
22051 317.1154347
22051 280.2520309
22051 286.2240114
22051 293.6320922
22051 288.6782406
22051 286.3892546
22051 278.1164175
22051 287.3730005
22051 282.7901944
22051 330.5483233
22051 282.7615296
22051 316.5842822
22051 295.6702811
22051 281.5941426
22051 275.4140540
22051 330.4071767
22051 286.7167196
22051 305.1627830
22051 322.6192727
22051 303.3617558
22051 324.1387622
22051 319.4545504
22051 318.6897161
22051 332.1876717
22051 307.2671663
22051 325.1947153
22051 296.5272477
22051 303.6652685
22051 313.1386571
22051 280.7656249
22051 340.1801229
22051 84.4643763
22051 298.9346701
22051 322.3343771
22051 278.5759053
22051 272.2122606
22051 256.7267597
22051 306.9896340
22051 312.6724744
22051 282.8551217
22051 282.0206559
22051 282.1548265
22051 298.1404639
22051 315.5615118
22051 319.2851476
22051 294.8225767
22051 310.6631338
22051 289.5755374
22051 301.8323706
22051 280.4617550
22051 271.4675568
22051 313.0042593
22051 290.4025348
22051 296.4698975
22051 289.8999963
22051 312.6066815
22051 287.0387707
22051 265.5849179
22051 331.5130979
22051 310.4717352
22051 302.9810209
22051 314.1830007
22051 331.9582856
22051 151.9389952
22051 75.4362924
