21165 166.1657142
21165 177.1316893
21165 182.8644836
21165 174.2619310
21165 151.1766072
21165 146.2057294
21165 185.9256065
21165 170.9573128
21165 287.7782242
21165 230.3167365
21165 368.0160227
21165 391.3603627
21165 306.1988315
21165 310.7859255
21165 326.0709274
21165 300.1449174
21165 326.5014366
21165 108.5293321
21165 223.5667962
21165 322.5107790
21165 333.0574658
21165 344.4802341
21165 354.3049505
21165 289.5199994
21165 302.8948407
21165 343.4288405
21165 383.0328910
21165 343.0592117
21165 439.6417062
21165 350.5637227
21165 381.6329915
21165 315.2461776
21165 365.4246265
21165 383.4330809
21165 360.3222640
21165 372.2982496
21165 370.3855635
21165 381.3733734
21165 416.4513817
21165 305.2499961
21165 83.8961304
21165 294.4481399
21165 309.8759711
21165 289.8209238
21165 298.5156676
21165 297.8153398
21165 282.5573880
21165 333.5127739
21165 323.2014844
21165 260.2393093
21165 293.6404365
21165 305.6857284
21165 302.0506515
21165 319.1233502
21165 298.8203940
21165 347.8042898
21165 335.0505506
21165 295.0908598
21165 355.8010772
21165 260.5679026
21165 275.2260560
21165 336.6575328
21165 300.5629891
21165 290.2599825
21165 316.9043695
21165 290.3787662
21165 303.5530945
21165 323.4622745
21165 357.0008581
21165 317.4990451
21165 312.8191576
21165 286.8176296
21165 153.2065283
21165 75.0764362
