17630 170.344
17630 176.612
17630 197.588
17630 180.383
17630 147.381
17630 144.316
17630 180.443
17630 166.129
17630 289.042
17630 314.568
17630 288.873
17630 300.372
17630 285.452
17630 273.746
17630 273.053
17630 271.222
17630 285.625
17630 246.689
17630 264.004
17630 268.515
17630 306.845
17630 304.663
17630 286.391
17630 264.324
17630 323.394
17630 265.419
17630 293.034
17630 323.786
17630 318.847
17630 320.428
17630 304.529
17630 306.82
17630 318.717
17630 326.932
17630 306.048
17630 268.416
17630 290.585
17630 315.633
17630 316.824
17630 324.482
17630 264.042
17630 282.105
17630 329.649
17630 269.749
17630 242.996
17630 241.59
17630 268.378
17630 308.103
17630 292.111
17630 251.4
17630 259.685
17630 284.511
17630 308.773
17630 312.165
17630 285.528
17630 296.993
17630 275.292
17630 310.139
17630 323.653
17630 245.208
17630 263.225
17630 249.905
17630 274.094
17630 260.596
17630 318.945
17630 268.18
17630 230.597
17630 361.606
17630 314.054
17630 283.094
17630 345.942
17630 352.922
