22027 171.8041720
22027 179.0237434
22027 212.6553032
22027 178.1176616
22027 145.4569723
22027 147.2528517
22027 177.3505287
22027 166.2006150
22027 291.0207107
22027 312.7875620
22027 285.6265453
22027 289.2457927
22027 292.3880062
22027 289.9302072
22027 288.3530889
22027 280.5435741
22027 287.9002853
22027 277.8881067
22027 323.8660331
22027 283.6056999
22027 317.5296702
22027 297.8676029
22027 286.1428224
22027 275.3847240
22027 326.7377341
22027 287.5064256
22027 305.2821852
22027 324.5625976
22027 310.6897034
22027 328.3213225
22027 323.6387632
22027 316.9133011
22027 335.1978898
22027 310.6479378
22027 328.2718896
22027 300.1050996
22027 306.2880107
22027 313.6585456
22027 284.5761359
22027 338.5894985
22027 84.4223573
22027 298.8752965
22027 321.4979022
22027 279.6184179
22027 275.0136464
22027 262.0825381
22027 307.6491154
22027 315.0193086
22027 281.0178436
22027 282.3543041
22027 283.8655162
22027 302.5595416
22027 318.6537896
22027 316.3725318
22027 295.3668986
22027 312.6387175
22027 294.1952243
22027 299.8886894
22027 282.3609188
22027 272.2911961
22027 312.6284515
22027 295.0622938
22027 300.8409197
22027 292.4785853
22027 312.8170757
22027 286.8741372
22027 271.7741421
22027 328.5596879
22027 310.5478631
22027 307.8113357
22027 314.1079588
22027 326.0859876
22027 151.6579123
22027 75.3856691
