21106 165.8309462
21106 177.2133764
21106 182.6093215
21106 173.8899081
21106 150.7672152
21106 146.4490277
21106 185.8632730
21106 171.1581458
21106 289.9192983
21106 225.9669073
21106 370.7414755
21106 394.8209799
21106 307.8383258
21106 310.6369118
21106 327.0804936
21106 298.3844027
21106 327.3093015
21106 111.5141362
21106 223.1896292
21106 324.6935862
21106 334.4026841
21106 348.6582995
21106 357.5241635
21106 292.1300334
21106 304.4817749
21106 342.2545860
21106 384.1069834
21106 341.8969107
21106 442.8495611
21106 350.9925279
21106 384.0152484
21106 315.9021749
21106 365.3310078
21106 383.2789409
21106 359.0981228
21106 377.3582384
21106 372.1116596
21106 381.5293676
21106 421.6387237
21106 304.8054229
21106 83.7931588
21106 297.8108721
21106 309.5390801
21106 291.3808598
21106 302.7799448
21106 300.0545375
21106 283.4125284
21106 335.6660972
21106 324.0955791
21106 256.5534690
21106 293.7708914
21106 307.5183408
21106 302.5711018
21106 319.4674414
21106 299.0314033
21106 356.3456997
21106 340.9325792
21106 289.7412210
21106 359.8567561
21106 266.7804951
21106 274.1226346
21106 343.1832930
21106 306.4959397
21106 293.4459842
21106 319.1406377
21106 292.4246414
21106 312.6981396
21106 320.3516703
21106 360.6638249
21106 321.6909132
21106 313.2224249
21106 298.5524714
21106 156.1861901
21106 75.0934931
