17037 166.832
17037 175.494
17037 202.621
17037 175.765
17037 144.069
17037 143.688
17037 180.256
17037 161.55
17037 282.975
17037 311.273
17037 290.552
17037 299.713
17037 283.356
17037 272.678
17037 270.802
17037 271.888
17037 278.07
17037 255.708
17037 275.876
17037 264.595
17037 301.402
17037 293.339
17037 284.956
17037 261.592
17037 326.631
17037 261.129
17037 285.563
17037 316.143
17037 314.866
17037 314.801
17037 312.912
17037 300.274
17037 302.744
17037 313.464
17037 303.849
17037 275.431
17037 299.223
17037 312.682
17037 315.937
17037 324.338
17037 276.955
17037 286.1
17037 305.207
17037 270.002
17037 265.66
17037 249.228
17037 273.156
17037 297.584
17037 277.279
17037 256.88
17037 260.294
17037 297.03
17037 295.056
17037 300.697
17037 289.849
17037 320.954
17037 297.738
17037 294.447
17037 324.25
17037 273.844
17037 284.402
17037 282.036
17037 286.501
17037 261.313
17037 286.587
17037 264.96
17037 259.096
17037 328.96
17037 317.886
17037 291.598
17037 326.306
17037 302.23
