20677 168.5962938
20677 175.4564223
20677 180.0653956
20677 171.6883228
20677 141.4455262
20677 150.7144412
20677 195.3270087
20677 172.4890071
20677 310.2784193
20677 318.0104641
20677 288.0112701
20677 298.2596230
20677 287.3526866
20677 283.4331077
20677 306.0340410
20677 286.4623572
20677 305.4692611
20677 181.7577037
20677 334.3948594
20677 304.7166398
20677 319.0741595
20677 297.2020817
20677 288.1997081
20677 298.7225449
20677 305.2562730
20677 316.8169509
20677 343.1024359
20677 323.4559886
20677 334.0295682
20677 304.6949245
20677 318.0993534
20677 315.0682172
20677 339.3075303
20677 328.9872895
20677 329.0032955
20677 326.8145715
20677 336.4135154
20677 345.3770717
20677 329.3178203
20677 326.8931294
20677 89.0119848
20677 290.0982239
20677 320.6992269
20677 287.8008495
20677 279.8629915
20677 284.6441919
20677 316.4832644
20677 322.3277709
20677 314.3985119
20677 257.5813805
20677 291.1301876
20677 293.1248515
20677 305.4939657
20677 326.4947039
20677 306.2940035
20677 332.3679799
20677 316.4120696
20677 288.3680554
20677 289.4090350
20677 287.1917053
20677 274.8361999
20677 331.0645801
20677 294.1311290
20677 297.6238923
20677 311.6208842
20677 290.9753754
20677 290.9628060
20677 331.8334930
20677 351.2064901
20677 316.8829091
20677 325.0589935
20677 328.1767419
20677 145.3886277
20677 78.4116564
