22102 171.0900429
22102 178.8044767
22102 213.5491661
22102 178.6598202
22102 147.5352073
22102 148.8140619
22102 175.8653059
22102 166.6278139
22102 294.7566325
22102 320.8420585
22102 277.5390299
22102 281.8826674
22102 292.7078491
22102 288.5627607
22102 287.1661722
22102 275.9512565
22102 287.0874591
22102 285.5052102
22102 334.4516354
22102 284.2801063
22102 317.3635384
22102 294.4308806
22102 279.0715530
22102 276.2674802
22102 333.6490675
22102 285.6705697
22102 299.2191040
22102 321.2344063
22102 300.3953970
22102 324.0318752
22102 315.7383223
22102 318.4114153
22102 332.3795237
22102 306.1510271
22102 324.7163040
22102 296.4470846
22102 302.1774733
22102 314.8252358
22102 277.5116010
22102 341.9378360
22102 84.7188600
22102 295.0787804
22102 324.4280664
22102 276.7762939
22102 272.0294323
22102 251.8040825
22102 301.7482948
22102 311.6742777
22102 281.6543882
22102 281.5152177
22102 281.4924288
22102 292.6945054
22102 309.3442680
22102 321.2013963
22102 293.9122849
22102 305.2758355
22102 281.4490728
22102 303.7119826
22102 271.3214856
22102 265.9699912
22102 313.4475349
22102 281.3574298
22102 291.3154536
22102 285.1231705
22102 311.3385079
22102 283.7628348
22102 254.5384367
22102 336.3758940
22102 306.0876235
22102 298.0727199
22102 318.3985248
22102 346.3902995
22102 149.5758208
22102 75.4625994
