17624 169.68
17624 176.097
17624 200.838
17624 180.105
17624 143.368
17624 142.805
17624 176.731
17624 161.921
17624 289.22
17624 317.403
17624 286.982
17624 299.467
17624 285.425
17624 274.244
17624 273.765
17624 271.842
17624 285.548
17624 247.546
17624 266.094
17624 269.248
17624 306.697
17624 304.909
17624 285.771
17624 265.402
17624 323.119
17624 265.135
17624 291.787
17624 323.242
17624 317.347
17624 319.759
17624 303.172
17624 307.607
17624 316.916
17624 326.462
17624 305.585
17624 267.616
17624 290.753
17624 314.964
17624 315.452
17624 327.31
17624 264.647
17624 282.814
17624 329.87
17624 270.543
17624 245.278
17624 242.043
17624 270.07
17624 308.092
17624 291.954
17624 250.861
17624 258.819
17624 285.476
17624 310.31
17624 311.698
17624 285.365
17624 296.898
17624 276.281
17624 311.124
17624 324.083
17624 245.14
17624 264.31
17624 245.773
17624 275.541
17624 262.018
17624 319.456
17624 268.73
17624 233.257
17624 361.798
17624 315.104
17624 283.202
17624 347.13
17624 353.246
