21547 167.3282380
21547 177.6912629
21547 205.4143523
21547 178.3990659
21547 153.0266707
21547 150.3269293
21547 188.6028635
21547 175.0981454
21547 293.1118291
21547 313.7383032
21547 281.7417401
21547 286.9901868
21547 293.6611376
21547 281.4447422
21547 285.8127019
21547 273.5524537
21547 285.2053963
21547 278.5445014
21547 320.0412224
21547 288.2282981
21547 313.5286760
21547 294.4356969
21547 282.9593839
21547 275.4936787
21547 330.9040145
21547 288.9312919
21547 306.7535437
21547 320.7651208
21547 312.2746953
21547 324.1438339
21547 322.1848640
21547 313.0184716
21547 330.4047509
21547 315.1361801
21547 328.4341493
21547 301.0828149
21547 300.9020154
21547 316.1872566
21547 288.7716127
21547 332.8001309
21547 84.9772411
21547 295.7645877
21547 309.3350707
21547 281.9539419
21547 274.2009057
21547 263.5005042
21547 308.3524620
21547 315.9845856
21547 282.0212651
21547 281.1422211
21547 285.1242236
21547 303.1669016
21547 309.0736392
21547 317.5288325
21547 301.9764307
21547 315.1786862
21547 300.7856275
21547 298.4375244
21547 329.3116414
21547 307.6678062
21547 304.9823599
21547 306.0841104
21547 307.3243112
21547 291.8974475
21547 314.5293521
21547 289.6328301
21547 276.6392691
21547 325.4317617
21547 316.4297409
21547 300.9272755
21547 330.3790934
21547 310.2338271
21547 145.1763159
21547 74.7583660
