21409 166.2360990
21409 176.8984299
21409 186.3809821
21409 174.3006287
21409 151.4993814
21409 147.7310363
21409 185.2815461
21409 171.9259394
21409 291.7238521
21409 310.9098431
21409 281.8175279
21409 289.3799831
21409 291.2890829
21409 275.5995611
21409 283.9505179
21409 273.2290895
21409 285.4707616
21409 276.6747567
21409 317.9843336
21409 284.2046723
21409 312.1431218
21409 293.4781384
21409 283.9762788
21409 275.3666135
21409 332.5917348
21409 291.3745278
21409 308.8360817
21409 318.9572194
21409 315.5162331
21409 320.9865008
21409 325.7955906
21409 316.5120690
21409 324.4983256
21409 314.3144894
21409 328.8990542
21409 303.0644773
21409 303.5586149
21409 318.2679009
21409 290.3115251
21409 329.6009664
21409 84.6379677
21409 295.1592039
21409 308.9987967
21409 277.9220668
21409 274.4577903
21409 264.8924662
21409 304.7239874
21409 315.9795242
21409 281.3854214
21409 282.9321610
21409 283.7576100
21409 301.0035286
21409 304.9958517
21409 318.6164078
21409 300.9116662
21409 316.2286284
21409 299.9571190
21409 291.0808707
21409 329.4942360
21409 304.9976808
21409 301.5072732
21409 309.8158840
21409 305.4179841
21409 288.3970083
21409 309.8305643
21409 287.9525223
21409 273.2148375
21409 322.2386375
21409 316.5359959
21409 303.3194792
21409 324.2722456
21409 302.1684709
21409 153.0682073
21409 74.9022879
