23124 183.3304897
23124 182.3493442
23124 208.9986300
23124 188.4755269
23124 144.2738683
23124 144.5803244
23124 168.4435093
23124 159.3479216
23124 296.4785843
23124 279.7313848
23124 290.7715480
23124 298.6656554
23124 295.7649945
23124 274.0072143
23124 287.3367207
23124 277.5094935
23124 273.7683617
23124 247.0398259
23124 282.7462711
23124 288.1937346
23124 306.9317448
23124 301.3494049
23124 292.6706471
23124 275.0645896
23124 326.1216449
23124 295.3288272
23124 324.6502773
23124 316.0214996
23124 338.7967622
23124 334.7349120
23124 323.7551643
23124 311.5336029
23124 337.2528201
23124 340.3949961
23124 325.1109348
23124 307.4736167
23124 323.7332832
23124 335.2405659
23124 318.0227998
23124 320.2161919
23124 83.7771487
23124 293.8827416
23124 281.3753780
23124 284.7708376
23124 273.2227404
23124 294.5052921
23124 305.3060904
23124 323.0928370
23124 286.2280702
23124 278.4019053
23124 274.7887223
23124 329.0867797
23124 321.2259967
23124 301.5443526
23124 302.0522516
23124 341.8159649
23124 327.6036558
23124 288.9365681
23124 364.8800234
23124 313.9535777
23124 281.8629175
23124 338.9784877
23124 348.6919790
23124 305.1880465
23124 314.5236243
23124 292.7620556
23124 318.1537734
23124 315.4404453
23124 332.5317989
23124 354.6768306
23124 316.0141608
23124 250.7967021
23124 154.9749988
23124 34.9482779
