17723 171.728
17723 177.197
17723 187.402
17723 182.356
17723 147.421
17723 144.435
17723 179.927
17723 165.382
17723 292.624
17723 304.247
17723 296.88
17723 311.425
17723 287.141
17723 276.69
17723 271.411
17723 272.107
17723 287.76
17723 241.225
17723 253.719
17723 271.211
17723 308.703
17723 309.91
17723 293.872
17723 258.566
17723 322.293
17723 266.939
17723 300.99
17723 325.951
17723 331.602
17723 326.667
17723 312.326
17723 305.995
17723 314.796
17723 333.179
17723 308.166
17723 274.746
17723 294.629
17723 318.05
17723 327.093
17723 318.67
17723 267.274
17723 283.933
17723 328.061
17723 270.715
17723 245.922
17723 246.634
17723 270.273
17723 307.377
17723 292.318
17723 249.239
17723 261.853
17723 287.452
17723 300.13
17723 307.109
17723 285.804
17723 302.363
17723 275.563
17723 306.634
17723 331.482
17723 251.036
17723 263.001
17723 252.509
17723 280.605
17723 265.799
17723 320.331
17723 271.796
17723 241.266
17723 355.251
17723 318.755
17723 289.985
17723 342.594
17723 340.416
