18027 173.408
18027 177.995
18027 194.02
18027 185.716
18027 142.241
18027 141.844
18027 178.035
18027 159.014
18027 293.041
18027 302.971
18027 312.638
18027 339.58
18027 300.64
18027 287.495
18027 278.765
18027 278.842
18027 300.308
18027 245.82
18027 255.166
18027 281.141
18027 319.981
18027 319.372
18027 301.073
18027 259.29
18027 321.225
18027 274.54
18027 310.423
18027 338.362
18027 355.667
18027 344.191
18027 332.198
18027 317.764
18027 333.918
18027 344.782
18027 320.365
18027 286.006
18027 308.42
18027 328.239
18027 340.365
18027 318.147
18027 279.138
18027 292.737
18027 337.381
18027 285.556
18027 259.998
18027 263.511
18027 273.494
18027 307.443
18027 302.824
18027 256.515
18027 275.699
18027 304.471
18027 317.638
18027 314.048
18027 293.293
18027 317.437
18027 286.972
18027 310.636
18027 351.677
18027 260.512
18027 272.971
18027 274.049
18027 296.386
18027 279.543
18027 335.811
18027 288.498
18027 263.08
18027 365.226
18027 332.579
18027 307.625
18027 346.002
18027 328.369
18027 127.27
18027 74.5486
