21735 167.8003687
21735 177.1069142
21735 206.9892670
21735 177.6482882
21735 148.1990296
21735 148.2542091
21735 179.9414855
21735 168.2030211
21735 294.8939615
21735 317.7131282
21735 284.7603889
21735 288.0775570
21735 292.7826046
21735 283.2277164
21735 287.1670035
21735 277.4636981
21735 286.4326266
21735 282.3836760
21735 323.4600613
21735 284.4290716
21735 317.2241378
21735 295.5778261
21735 283.8831292
21735 274.4348354
21735 333.3209681
21735 286.3970342
21735 306.1658211
21735 318.0473925
21735 308.0074005
21735 326.9736272
21735 319.8835202
21735 319.4162661
21735 324.1855921
21735 308.1602084
21735 325.8139368
21735 299.1519217
21735 303.2503123
21735 313.7827898
21735 281.6010996
21735 337.1939919
21735 84.9033659
21735 298.5193820
21735 321.9178643
21735 282.3437561
21735 274.8566164
21735 259.4189371
21735 306.6691121
21735 316.3132696
21735 282.0334675
21735 279.8717649
21735 281.5011505
21735 299.9572106
21735 316.3677933
21735 320.0516899
21735 296.9118702
21735 313.7528774
21735 291.6887354
21735 302.8461303
21735 283.1199280
21735 270.9592876
21735 311.0624947
21735 293.9451734
21735 301.2946613
21735 293.4291395
21735 314.4970264
21735 289.8214704
21735 274.7407685
21735 333.0924851
21735 312.8709073
21735 306.4314695
21735 314.5362470
21735 328.0219383
21735 145.7518083
21735 75.6082371
