17063 167.391
17063 175.541
17063 205.462
17063 175.848
17063 143.474
17063 143.613
17063 180.166
17063 160.743
17063 284.609
17063 314.045
17063 287.776
17063 296.864
17063 284.545
17063 272.268
17063 271.605
17063 271.611
17063 278.217
17063 257.801
17063 280.154
17063 265.164
17063 303.047
17063 292.596
17063 283.111
17063 261.342
17063 326.663
17063 259.924
17063 285.222
17063 315.842
17063 311.478
17063 312.744
17063 311.526
17063 300.505
17063 302.815
17063 312.796
17063 303.32
17063 274.217
17063 298.389
17063 312.12
17063 311.897
17063 327.642
17063 275.713
17063 284.577
17063 307.464
17063 269.438
17063 265.554
17063 247.37
17063 273.063
17063 296.99
17063 278.451
17063 259.157
17063 260.806
17063 293.971
17063 295.098
17063 302.271
17063 288.689
17063 317.382
17063 295.047
17063 287.784
17063 320.082
17063 272.651
17063 286.593
17063 280.737
17063 283.661
17063 261.307
17063 290.296
17063 263.805
17063 254.832
17063 331.576
17063 316.607
17063 287.45
17063 334.25
17063 309.455
