16988 167.313
16988 175.862
16988 190.328
16988 176.443
16988 142.879
16988 142.6
16988 179.994
16988 160.067
16988 284.813
16988 309.816
16988 287.252
16988 296.273
16988 281.793
16988 269.887
16988 268.076
16988 269.669
16988 276.632
16988 255.457
16988 276.395
16988 263.751
16988 300.406
16988 291.568
16988 284.2
16988 260.661
16988 326.498
16988 260.469
16988 284.056
16988 314.381
16988 312.396
16988 313.374
16988 299.968
16988 298.28
16988 301.116
16988 312.183
16988 301.174
16988 273.009
16988 297.573
16988 311.821
16988 313.987
16988 321.231
16988 277.281
16988 284.496
16988 301.121
16988 268.132
16988 264.526
16988 249.629
16988 270.138
16988 295.031
16988 274.484
16988 253.291
16988 257.539
16988 296.82
16988 293.846
16988 296.621
16988 288.334
16988 323.943
16988 299.33
16988 294.048
16988 325.894
16988 276.316
16988 280.549
16988 283.199
16988 285.43
16988 261.585
16988 279.429
16988 262.932
16988 265.388
16988 323.612
16988 317.931
16988 293.05
16988 327.465
16988 292.776
