19829 170.2807293
19829 175.3586134
19829 211.7943058
19829 178.0165804
19829 144.9510481
19829 144.6554937
19829 181.3449431
19829 167.1233695
19829 277.7761622
19829 264.4102359
19829 295.2267019
19829 402.3884934
19829 312.1395244
19829 297.4735561
19829 302.1163577
19829 289.1118031
19829 347.2075061
19829 226.3550085
19829 193.5759146
19829 286.9314174
19829 332.5451256
19829 335.8929550
19829 330.2761057
19829 250.0453917
19829 307.4679978
19829 278.6614597
19829 331.7646195
19829 343.2863791
19829 415.2276157
19829 367.1596082
19829 366.1832880
19829 312.9769045
19829 355.9222270
19829 369.2713728
19829 337.2729705
19829 305.9362523
19829 328.9961280
19829 344.1628172
19829 375.0604756
19829 298.4116402
19829 319.3508161
19829 314.5857171
19829 300.2584352
19829 323.6432871
19829 312.7881638
19829 345.4689439
19829 299.5252981
19829 345.2603500
19829 329.4443602
19829 252.3109585
19829 295.5894577
19829 375.6523628
19829 345.1530757
19829 291.5702876
19829 306.7203243
19829 392.3144257
19829 356.9260870
19829 274.3864151
19829 459.2142590
19829 370.6301941
19829 243.2089533
19829 388.2866491
19829 412.6824095
19829 358.4352948
19829 356.3143472
19829 327.0782458
19829 413.9663441
19829 297.8765584
19829 388.3206113
19829 392.0976348
19829 305.2691184
19829 341.3847031
19829 134.8601532
19829 21.1323155
