17699 170.293
17699 176.366
17699 213.624
17699 180.454
17699 147.093
17699 144.11
17699 179.896
17699 166.247
17699 290.467
17699 315.97
17699 294.124
17699 302.751
17699 289.44
17699 277.627
17699 275.551
17699 273.609
17699 288.205
17699 247.44
17699 260.573
17699 270.961
17699 309.959
17699 310.679
17699 289.759
17699 264.496
17699 323.585
17699 266.874
17699 293.94
17699 327.239
17699 322.476
17699 324.278
17699 307.331
17699 307.919
17699 316.819
17699 328.451
17699 308.269
17699 270.161
17699 295.353
17699 316.906
17699 317.728
17699 326.566
17699 265.008
17699 283.906
17699 330.554
17699 271.571
17699 246.9
17699 244.345
17699 269.694
17699 308.018
17699 294.303
17699 254.063
17699 262.052
17699 288.998
17699 301.934
17699 310.712
17699 287.774
17699 299.475
17699 277.406
17699 310.258
17699 327.126
17699 247.83
17699 265.03
17699 253.673
17699 278.098
17699 264.143
17699 321.116
17699 270.812
17699 234.314
17699 360.654
17699 317.333
17699 286.644
17699 348.679
17699 353.109
