20667 169.1869793
20667 176.0799103
20667 173.6567380
20667 172.0858877
20667 144.5468959
20667 153.5409496
20667 196.6901738
20667 174.7408706
20667 312.1817235
20667 312.8538284
20667 287.9656108
20667 300.0788928
20667 287.8405034
20667 282.8691719
20667 305.4897335
20667 287.0007285
20667 304.9993386
20667 180.2571266
20667 332.9335212
20667 306.6420848
20667 319.1882200
20667 296.9382305
20667 289.4227446
20667 296.5658307
20667 305.1430256
20667 318.2728407
20667 347.0800337
20667 322.1238536
20667 336.3028420
20667 304.7209264
20667 319.8370555
20667 313.9785779
20667 339.5476384
20667 330.0507279
20667 327.8888135
20667 327.3205951
20667 334.7417104
20667 348.3376901
20667 328.8955499
20667 324.2145843
20667 88.8490082
20667 289.0036542
20667 321.7461187
20667 288.8963726
20667 281.9187220
20667 285.2072952
20667 315.0471888
20667 324.2944581
20667 315.4529335
20667 253.9348679
20667 291.7928752
20667 294.5281328
20667 302.7461184
20667 323.2958716
20667 304.9266687
20667 331.9290926
20667 318.6486976
20667 285.4319773
20667 291.3047574
20667 289.0914242
20667 271.9842632
20667 331.0356483
20667 294.7579307
20667 294.4136095
20667 310.3476017
20667 291.3353743
20667 293.1976325
20667 329.6902209
20667 352.6696046
20667 316.1789335
20667 324.6635121
20667 325.0946639
20667 148.9584063
20667 78.3807376
