21277 165.7347425
21277 176.6371902
21277 193.8422730
21277 177.4084966
21277 149.6149085
21277 144.6451859
21277 183.6364665
21277 170.5192245
21277 287.9928491
21277 225.9672520
21277 376.0012311
21277 398.5676290
21277 309.0974797
21277 314.0568452
21277 330.6794276
21277 294.7887638
21277 327.1246472
21277 105.6430712
21277 208.8835927
21277 323.1302908
21277 333.5573188
21277 349.0039272
21277 356.7730384
21277 299.0964831
21277 304.9910913
21277 343.4326091
21277 385.5863509
21277 343.9230389
21277 445.3162485
21277 350.6469450
21277 388.5724308
21277 313.2244288
21277 366.9827431
21277 387.3729442
21277 363.0993026
21277 374.1157433
21277 371.3901199
21277 380.5479500
21277 422.6792106
21277 295.9784301
21277 83.1306244
21277 298.8770927
21277 311.3399203
21277 294.3042597
21277 301.1784920
21277 302.4719245
21277 280.8085637
21277 327.4728131
21277 320.4603737
21277 258.6894384
21277 294.6757490
21277 302.7117408
21277 308.3686984
21277 318.1132057
21277 299.2003820
21277 353.0736887
21277 339.3811917
21277 290.1068071
21277 361.6759801
21277 263.6742658
21277 273.7671020
21277 337.5342926
21277 311.4379573
21277 294.1541603
21277 314.9693976
21277 290.4133029
21277 311.9703794
21277 316.7340084
21277 351.0864010
21277 319.2458738
21277 310.8845955
21277 276.6211453
21277 146.4031698
21277 75.1154354
