17030 169.479
17030 176.714
17030 204.981
17030 179.229
17030 146.566
17030 147.368
17030 181.513
17030 165.639
17030 283.715
17030 310.052
17030 291.07
17030 300.648
17030 283.613
17030 272.869
17030 271.233
17030 271.531
17030 277.849
17030 255.983
17030 273.782
17030 265.02
17030 302.714
17030 293.557
17030 286.231
17030 261.615
17030 325.943
17030 261.159
17030 285.981
17030 317.129
17030 315.845
17030 315.296
17030 312.479
17030 300.623
17030 303.224
17030 313.493
17030 303.982
17030 275.964
17030 299.534
17030 311.931
17030 316.814
17030 323.245
17030 278.116
17030 285.479
17030 305.707
17030 270.188
17030 265.118
17030 250.024
17030 271.995
17030 297.35
17030 277.267
17030 259.128
17030 260.043
17030 298.033
17030 295.417
17030 300.281
17030 288.162
17030 321.578
17030 298.482
17030 296.356
17030 325.189
17030 274.817
17030 284.163
17030 283.928
17030 287.349
17030 262.188
17030 286.864
17030 264.267
17030 260.549
17030 327.132
17030 317.909
17030 292.667
17030 325.408
17030 299.899
