21412 166.3148080
21412 176.7719011
21412 182.9138351
21412 173.8138211
21412 151.2108665
21412 147.2050288
21412 185.0944306
21412 171.6105669
21412 292.9035762
21412 311.8631412
21412 279.7958804
21412 286.7106881
21412 289.8657371
21412 273.9023455
21412 283.2610811
21412 273.0642762
21412 284.7772141
21412 276.0225771
21412 317.6000028
21412 283.1280948
21412 310.8710570
21412 294.1770636
21412 282.0351511
21412 276.4466816
21412 333.5434893
21412 289.6441411
21412 308.4630472
21412 318.1286040
21412 313.4787041
21412 320.9997413
21412 325.0694855
21412 315.9103796
21412 322.2912912
21412 313.8031700
21412 326.7757387
21412 302.9703761
21412 302.0722065
21412 318.2692436
21412 288.6898057
21412 328.4181545
21412 84.6547954
21412 294.5110792
21412 306.1771889
21412 278.1551092
21412 271.4806437
21412 265.6159553
21412 304.6285434
21412 317.6237681
21412 280.9606339
21412 283.5736505
21412 284.3566181
21412 298.8405734
21412 303.8825359
21412 318.0959902
21412 301.2718177
21412 316.1135371
21412 300.6137986
21412 289.8926688
21412 327.1467746
21412 303.5910969
21412 302.3125782
21412 309.3201025
21412 306.3624763
21412 290.9084798
21412 309.2412272
21412 289.4147332
21412 274.1183590
21412 323.1733382
21412 315.6783299
21412 302.5847615
21412 322.7777204
21412 301.6900749
21412 155.0809877
21412 74.9731273
