22419 186.8172089
22419 180.0107106
22419 233.4550639
22419 186.3407156
22419 150.2803354
22419 153.6544357
22419 172.1765538
22419 158.7439426
22419 297.1314237
22419 313.2970688
22419 283.8735376
22419 292.8213714
22419 302.3554988
22419 299.9659828
22419 286.5038587
22419 274.9269311
22419 292.0999103
22419 277.2067968
22419 302.9630833
22419 290.4696164
22419 309.5193051
22419 297.5403944
22419 288.9559127
22419 276.8765851
22419 322.8012460
22419 297.5847016
22419 313.7941175
22419 315.8213718
22419 312.7241407
22419 325.6859601
22419 314.8772646
22419 316.1124054
22419 330.6702679
22419 327.3351527
22419 321.5776562
22419 296.2584374
22419 313.5754398
22419 331.8168844
22419 301.0320375
22419 330.7924037
22419 83.4709825
22419 288.4791402
22419 305.2203085
22419 273.4183021
22419 279.3758036
22419 268.4850022
22419 303.5809946
22419 317.3136998
22419 281.0059751
22419 282.0355219
22419 271.0433796
22419 305.9708508
22419 309.5304512
22419 312.7479127
22419 298.6626293
22419 315.0409598
22419 303.3225774
22419 308.3653934
22419 327.2390875
22419 290.1231841
22419 292.1090544
22419 300.0772210
22419 314.0769182
22419 286.7823514
22419 306.1551826
22419 280.7903192
22419 273.5675272
22419 336.3545160
22419 320.1323938
22419 305.7155430
22419 325.4636209
22419 313.0549372
22419 141.4834734
22419 32.7363647
