17673 170.571
17673 176.428
17673 205.877
17673 180.304
17673 147.505
17673 144.43
17673 180.463
17673 166.595
17673 288.212
17673 304.991
17673 298.98
17673 315.898
17673 290.34
17673 279.319
17673 276.291
17673 275.256
17673 288.783
17673 243.083
17673 251.219
17673 271.279
17673 310.368
17673 310.661
17673 294.45
17673 264.45
17673 322.377
17673 267.606
17673 300.466
17673 327.495
17673 332.989
17673 327.253
17673 314.655
17673 307.202
17673 319.161
17673 334.66
17673 309.546
17673 275.815
17673 296.354
17673 319.237
17673 327.659
17673 321.928
17673 268.481
17673 285.97
17673 328.449
17673 274.009
17673 248.758
17673 248.164
17673 270.312
17673 311.93
17673 293.517
17673 250.887
17673 261.805
17673 291.655
17673 303.686
17673 308.22
17673 286.863
17673 305.311
17673 283.042
17673 307.778
17673 335.367
17673 251.713
17673 262.828
17673 258.71
17673 283.972
17673 268.551
17673 321.584
17673 273.455
17673 244.922
17673 356.157
17673 320.585
17673 292.228
17673 345.315
17673 338.949
