17701 170.376
17701 176.445
17701 212.859
17701 180.475
17701 147.285
17701 144.271
17701 180.152
17701 166.523
17701 291.209
17701 316.526
17701 292.621
17701 302.195
17701 289.137
17701 277.456
17701 275.292
17701 273.559
17701 287.748
17701 248.133
17701 261.363
17701 271.444
17701 310.218
17701 310.078
17701 288.736
17701 264.343
17701 323.398
17701 266.919
17701 294.24
17701 326.725
17701 321.879
17701 323.32
17701 307.238
17701 308.14
17701 316.235
17701 328.29
17701 308.151
17701 269.545
17701 295.662
17701 316.55
17701 316.846
17701 327.149
17701 265.236
17701 283.79
17701 331.473
17701 272.02
17701 246.511
17701 243.239
17701 270.5
17701 308.17
17701 294.25
17701 254.017
17701 261.546
17701 287.935
17701 302.096
17701 311.739
17701 286.597
17701 299.252
17701 276.702
17701 310.844
17701 326.724
17701 247.239
17701 265.471
17701 252.274
17701 276.882
17701 263.437
17701 320.871
17701 270.388
17701 232.657
17701 361.05
17701 317.228
17701 285.926
17701 348.549
17701 354.248
