17069 167.529
17069 175.678
17069 203.501
17069 176.026
17069 143.167
17069 143.245
17069 180.174
17069 160.301
17069 284.644
17069 315.265
17069 287.584
17069 295.535
17069 284.277
17069 271.355
17069 271.336
17069 271.258
17069 278.452
17069 257.825
17069 282.117
17069 264.94
17069 302.406
17069 292.369
17069 282.163
17069 262.283
17069 327.128
17069 259.929
17069 284.142
17069 315.784
17069 310.307
17069 313.241
17069 310.674
17069 300.913
17069 302.499
17069 312.617
17069 302.942
17069 273.654
17069 297.983
17069 311.459
17069 310.683
17069 328.123
17069 276.122
17069 284.461
17069 307.22
17069 269.303
17069 264.82
17069 245.263
17069 272.999
17069 296.666
17069 277.574
17069 261.384
17069 261.079
17069 293.662
17069 295.317
17069 303.001
17069 288.821
17069 316.151
17069 293.87
17069 288.344
17069 320.379
17069 272.334
17069 286.293
17069 279.974
17069 283.187
17069 261.744
17069 289.585
17069 263.196
17069 253.09
17069 332.156
17069 315.81
17069 287.045
17069 334.998
17069 310.89
