19624 175.4191551
19624 177.1429069
19624 240.8211974
19624 188.3151679
19624 150.2253569
19624 155.2381699
19624 185.6743547
19624 179.4065717
19624 274.4927793
19624 263.8203745
19624 307.9143466
19624 414.5871806
19624 318.8148694
19624 308.3449854
19624 311.2220218
19624 294.6098796
19624 347.9794006
19624 230.4763418
19624 188.6110571
19624 287.7686591
19624 336.3892231
19624 345.0569259
19624 338.8796834
19624 253.1504204
19624 307.6714607
19624 281.7050379
19624 333.9498353
19624 346.3602918
19624 427.8777553
19624 372.2552357
19624 373.0050247
19624 312.9564270
19624 361.6158621
19624 372.1399083
19624 340.2542218
19624 314.9799540
19624 332.0786627
19624 346.8016886
19624 383.2668912
19624 300.5834368
19624 322.9060782
19624 317.2961366
19624 304.7460051
19624 326.0788069
19624 317.2020509
19624 349.9494888
19624 301.6286988
19624 349.9705891
19624 334.2727735
19624 260.1546446
19624 300.1679550
19624 380.8384146
19624 349.7921745
19624 294.5434610
19624 308.3175402
19624 397.2175790
19624 360.9548791
19624 275.5575098
19624 464.2375968
19624 373.6875020
19624 245.6119367
19624 391.8584590
19624 415.4308288
19624 361.1078985
19624 360.6895008
19624 333.9499539
19624 420.2432415
19624 300.9601301
19624 391.8126012
19624 397.3142726
19624 307.0772662
19624 334.2676860
19624 122.1747578
19624 28.9373418
