21364 167.1607943
21364 177.3325069
21364 173.8062371
21364 175.9765069
21364 151.6722411
21364 147.0510839
21364 185.4790870
21364 171.5840880
21364 289.7790655
21364 299.3834425
21364 287.0884995
21364 299.1691772
21364 292.6520336
21364 276.0843086
21364 285.3629052
21364 273.6250996
21364 284.8977188
21364 272.0032875
21364 304.8024598
21364 286.4963123
21364 311.2494672
21364 296.1978871
21364 289.5604557
21364 272.4451532
21364 330.8192832
21364 292.3730672
21364 312.5321478
21364 317.2450100
21364 326.0477731
21364 323.4079992
21364 329.2712052
21364 313.3087080
21364 326.7685701
21364 316.9970880
21364 328.8015268
21364 307.5953569
21364 304.8776963
21364 318.5502757
21364 297.2267910
21364 322.6641009
21364 84.5587047
21364 294.6692980
21364 308.3273912
21364 274.2084036
21364 270.5173039
21364 264.8139964
21364 306.4558828
21364 315.1322353
21364 278.3741011
21364 282.4085102
21364 281.2318992
21364 298.9875991
21364 301.0226540
21364 317.9311927
21364 298.3076022
21364 315.3890475
21364 297.5907994
21364 290.2861660
21364 323.2508037
21364 303.8872822
21364 301.6914734
21364 307.1633422
21364 305.9826498
21364 287.3427407
21364 308.5476380
21364 285.7677047
21364 272.6344974
21364 321.0394290
21364 315.8923671
21364 300.3043731
21364 327.9192297
21364 301.1553681
21364 157.6449809
21364 75.0595011
