17016 167.801
17016 175.837
17016 199.657
17016 176.508
17016 143.804
17016 143.527
17016 180.093
17016 161.27
17016 283.891
17016 308.121
17016 290.832
17016 302.363
17016 283.576
17016 272.392
17016 270.521
17016 271.062
17016 277.221
17016 254.92
17016 272.699
17016 264.142
17016 303.049
17016 293.34
17016 287.192
17016 261.57
17016 325.574
17016 261.326
17016 285.787
17016 315.772
17016 316.987
17016 315.295
17016 303.546
17016 299.299
17016 302.765
17016 313.63
17016 302.715
17016 276.924
17016 299.232
17016 312.889
17016 317.885
17016 322.115
17016 278.347
17016 286.002
17016 303.586
17016 269.79
17016 265.84
17016 250.223
17016 271.929
17016 297.201
17016 276.198
17016 257.264
17016 259.547
17016 297.881
17016 295.305
17016 300.466
17016 288.857
17016 322.868
17016 299.512
17016 295.276
17016 326.564
17016 276.494
17016 282.707
17016 284.098
17016 286.419
17016 262.139
17016 284.456
17016 264.237
17016 263.558
17016 326.019
17016 317.78
17016 293.077
17016 323.268
17016 295.45
