21144 166.3424134
21144 177.3275908
21144 176.6023197
21144 174.3736399
21144 151.3181492
21144 146.3280565
21144 186.1460741
21144 171.1003611
21144 286.8684395
21144 231.6353334
21144 366.9131975
21144 387.6113650
21144 306.6053480
21144 309.9031698
21144 325.5978478
21144 299.2519018
21144 325.9903404
21144 108.5801326
21144 225.6164075
21144 323.0585144
21144 331.9712047
21144 344.6283913
21144 351.5298586
21144 289.4218672
21144 304.1609180
21144 342.1336407
21144 381.6494957
21144 340.0688891
21144 436.3468344
21144 347.8971460
21144 378.6565399
21144 315.6191636
21144 362.3616641
21144 383.0456846
21144 358.4275314
21144 371.5849333
21144 368.5763717
21144 378.9411430
21144 416.3799014
21144 303.9709369
21144 83.9770049
21144 293.8031099
21144 309.2668888
21144 290.3246239
21144 299.2516519
21144 295.6267215
21144 280.0947427
21144 333.5262536
21144 322.9645483
21144 252.3503144
21144 293.2486277
21144 305.6221144
21144 299.5489051
21144 320.4987070
21144 297.1711746
21144 345.9697078
21144 328.7162489
21144 296.0277496
21144 351.4733462
21144 260.6138327
21144 277.5027495
21144 334.0687381
21144 297.0287309
21144 284.6865381
21144 318.4809380
21144 288.2772728
21144 299.0065792
21144 322.2451015
21144 355.2614284
21144 315.8740880
21144 313.2385265
21144 292.5457192
21144 154.3631527
21144 75.1468534
