17617 171.135
17617 176.85
17617 206.463
17617 181.358
17617 144.346
17617 143.471
17617 178.95
17617 164.781
17617 289.663
17617 319.141
17617 285.509
17617 298.033
17617 286.537
17617 274.748
17617 273.756
17617 273.173
17617 286.345
17617 249.09
17617 267.178
17617 268.71
17617 307.786
17617 304.219
17617 285.132
17617 265.191
17617 323.478
17617 265.148
17617 290.573
17617 322.63
17617 315.716
17617 319.936
17617 301.884
17617 307.301
17617 317.904
17617 325.893
17617 307.251
17617 266.626
17617 290.537
17617 313.752
17617 313.503
17617 328.031
17617 264.249
17617 283.304
17617 330.958
17617 270.227
17617 246.202
17617 241.862
17617 269.136
17617 308.428
17617 292.533
17617 249.918
17617 257.676
17617 285.071
17617 310.474
17617 313.487
17617 285.944
17617 297.625
17617 276.814
17617 311.917
17617 324.566
17617 246.522
17617 265.132
17617 245.443
17617 276.025
17617 261.805
17617 320.446
17617 269.919
17617 233.551
17617 362.528
17617 315.379
17617 284.708
17617 346.911
17617 353.737
