21300 168.2184283
21300 178.3979757
21300 172.5574391
21300 178.8174139
21300 150.4032968
21300 145.3113492
21300 183.9703493
21300 170.3097071
21300 291.4874397
21300 229.3716881
21300 366.9216802
21300 387.4076794
21300 303.2600397
21300 306.9642950
21300 326.0286082
21300 297.4571392
21300 325.1434685
21300 104.7633716
21300 215.5689644
21300 323.1413461
21300 332.0499324
21300 342.0115191
21300 350.9438351
21300 296.0444486
21300 301.5280442
21300 337.5944386
21300 379.4037066
21300 343.5187898
21300 433.7034305
21300 349.9812052
21300 382.4608136
21300 316.1859119
21300 364.6921116
21300 384.3421626
21300 358.3915183
21300 369.8146873
21300 368.3882360
21300 380.0434296
21300 415.5577002
21300 294.3345513
21300 83.3200870
21300 290.5085004
21300 306.8150245
21300 289.5672635
21300 297.6394604
21300 296.9514579
21300 278.9455966
21300 333.3141491
21300 317.0687449
21300 254.2619196
21300 295.7156563
21300 299.8434163
21300 297.8491113
21300 317.9173536
21300 297.3603096
21300 350.1238410
21300 329.6161955
21300 287.6149557
21300 356.1789512
21300 260.2807103
21300 276.1131137
21300 332.3934311
21300 301.8870952
21300 287.3104268
21300 316.1377492
21300 290.5954871
21300 306.6419873
21300 321.4516005
21300 352.5251002
21300 314.9008883
21300 306.7234864
21300 281.3031236
21300 155.4729866
21300 74.8248171
