22109 169.7641455
22109 177.7880142
22109 216.0427594
22109 176.0445433
22109 146.1703921
22109 146.2663799
22109 175.1151758
22109 166.0241119
22109 294.4910405
22109 322.4111915
22109 280.8033855
22109 279.5115176
22109 292.6405873
22109 289.8118169
22109 286.5211401
22109 277.0576783
22109 290.4288860
22109 283.7683616
22109 333.1390346
22109 283.6510971
22109 317.5254064
22109 294.4720377
22109 280.3362747
22109 277.6239074
22109 331.1358424
22109 285.0087098
22109 298.0700226
22109 323.1328645
22109 302.0614511
22109 326.2900559
22109 317.8679448
22109 319.6515661
22109 333.3050432
22109 307.9789427
22109 323.8817041
22109 297.0915083
22109 302.8014719
22109 314.9563573
22109 280.2742434
22109 338.0145326
22109 84.7082886
22109 295.3801192
22109 322.7848906
22109 279.1220064
22109 273.4132727
22109 254.4133088
22109 304.3965468
22109 312.2247393
22109 281.0289665
22109 280.7177698
22109 281.4247858
22109 292.1313404
22109 311.1476370
22109 320.7691578
22109 294.9443658
22109 305.8364059
22109 285.4471797
22109 302.0674423
22109 273.3589747
22109 267.0233554
22109 317.0523719
22109 285.6011149
22109 294.5250754
22109 287.3845374
22109 310.0113966
22109 283.6799133
22109 255.4833123
22109 336.2417412
22109 309.9633976
22109 298.6417477
22109 320.1873454
22109 343.7055141
22109 149.1460644
22109 75.4827586
