21694 168.1463069
21694 177.8934642
21694 222.4807200
21694 179.8913882
21694 149.1629617
21694 151.4221311
21694 181.1439359
21694 169.1701045
21694 292.7507362
21694 320.1789573
21694 283.3658968
21694 285.2713395
21694 294.2090655
21694 284.7417319
21694 288.1167009
21694 276.3081359
21694 284.9119646
21694 286.1180619
21694 326.3676940
21694 283.9703661
21694 315.4803614
21694 295.8035774
21694 283.7913958
21694 277.1382637
21694 334.6717036
21694 283.9373168
21694 301.0644208
21694 320.6030795
21694 307.0827861
21694 325.8284391
21694 317.7060728
21694 320.0012579
21694 327.8205229
21694 306.9315994
21694 323.3429404
21694 297.1901414
21694 301.7402418
21694 312.1335071
21694 279.6057998
21694 340.8631945
21694 84.6467239
21694 296.2936844
21694 324.2591757
21694 277.8069035
21694 271.3275246
21694 250.6533052
21694 303.3579189
21694 316.1798352
21694 280.6319990
21694 278.7907348
21694 278.3587685
21694 297.0998693
21694 308.1485956
21694 320.7999089
21694 294.4469878
21694 307.3126749
21694 287.6593293
21694 303.2088373
21694 267.9219022
21694 265.6841174
21694 311.7488195
21694 284.1080536
21694 289.0908013
21694 289.2114749
21694 311.1272209
21694 284.7705401
21694 263.1592774
21694 333.3308866
21694 306.7965317
21694 298.7921661
21694 317.2340787
21694 344.0410969
21694 139.9972057
21694 75.7550479
