17068 167.676
17068 175.659
17068 204.12
17068 176.054
17068 143.165
17068 143.253
17068 180.134
17068 160.302
17068 284.494
17068 314.819
17068 287.329
17068 295.583
17068 284.285
17068 271.502
17068 271.292
17068 271.235
17068 278.082
17068 257.64
17068 281.714
17068 264.724
17068 302.942
17068 292.254
17068 282.663
17068 262.194
17068 327.442
17068 259.953
17068 284.463
17068 315.621
17068 310.236
17068 313.181
17068 310.264
17068 300.848
17068 302.903
17068 312.835
17068 302.895
17068 273.821
17068 297.952
17068 312.376
17068 310.932
17068 328.051
17068 275.829
17068 284.203
17068 307.451
17068 269.263
17068 265.43
17068 246.23
17068 273.192
17068 296.568
17068 277.813
17068 260.737
17068 260.843
17068 293.845
17068 295.426
17068 302.699
17068 288.726
17068 316.715
17068 294.022
17068 287.905
17068 320.4
17068 272.738
17068 286.266
17068 280.167
17068 282.947
17068 261.032
17068 289.772
17068 263.714
17068 253.313
17068 332.358
17068 315.755
17068 286.757
17068 334.387
17068 310.626
