20620 172.7706422
20620 175.9962758
20620 181.0028557
20620 171.5702152
20620 144.5463620
20620 154.4812639
20620 197.2856765
20620 174.4140064
20620 312.1620232
20620 295.0211324
20620 304.5842015
20620 320.2505193
20620 290.3402614
20620 287.0047125
20620 307.4775848
20620 290.6006699
20620 308.9162811
20620 178.9942527
20620 319.1023990
20620 308.5220690
20620 323.5798297
20620 305.9106052
20620 302.2930947
20620 300.4261727
20620 306.7664463
20620 321.8195877
20620 357.3291780
20620 326.0393428
20620 370.4745087
20620 319.0279025
20620 345.9252175
20620 311.5862371
20620 346.1537042
20620 341.7101577
20620 338.3317662
20620 343.9767252
20620 347.0390889
20620 351.8757870
20620 358.6421809
20620 320.9409240
20620 89.9516977
20620 287.9714718
20620 321.0648928
20620 287.0433834
20620 281.0421753
20620 282.0081694
20620 314.7406661
20620 320.7023241
20620 317.2880555
20620 256.2623607
20620 290.2546592
20620 293.2618114
20620 294.1625968
20620 328.5103702
20620 305.5241127
20620 327.8963230
20620 315.2414977
20620 289.4325578
20620 282.7178826
20620 282.6583469
20620 276.6068396
20620 324.2874245
20620 287.0359849
20620 292.2096333
20620 308.9621162
20620 290.2312641
20620 284.6210301
20620 338.7877273
20620 347.8873918
20620 309.8563626
20620 324.1664672
20620 337.6574801
20620 144.9676725
20620 77.3540225
