17619 170.469
17619 176.683
17619 204.597
17619 180.319
17619 143.833
17619 142.368
17619 176.652
17619 161.844
17619 289.352
17619 318.449
17619 286.179
17619 298.405
17619 286.112
17619 274.348
17619 274.257
17619 272.433
17619 286.315
17619 248.604
17619 266.613
17619 268.573
17619 307.561
17619 304.45
17619 285.164
17619 265.453
17619 323.032
17619 264.839
17619 290.845
17619 322.828
17619 315.46
17619 319.889
17619 302.121
17619 308.578
17619 316.874
17619 326.261
17619 306.327
17619 266.699
17619 290.124
17619 314.207
17619 314.316
17619 327.575
17619 264.923
17619 283.399
17619 330.461
17619 269.799
17619 246.193
17619 241.806
17619 269.481
17619 307.917
17619 292.387
17619 249.836
17619 258.105
17619 285.83
17619 309.763
17619 312.499
17619 285.804
17619 297.221
17619 276.481
17619 311.375
17619 323.895
17619 246.294
17619 264.764
17619 243.618
17619 275.089
17619 261.461
17619 319.123
17619 269.304
17619 233.082
17619 361.858
17619 315.256
17619 284.011
17619 347.056
17619 353.381
