20529 180.017
20529 181.026
20529 209.985
20529 183.031
20529 135.185
20529 135.92
20529 167.344
20529 142.554
20529 319.579
20529 333.896
20529 289.541
20529 302.286
20529 294.304
20529 286.605
20529 305.624
20529 283.101
20529 303.417
20529 189.321
20529 349.855
20529 310.959
20529 324.919
20529 302.693
20529 291.632
20529 306.133
20529 314.262
20529 323.946
20529 347.532
20529 324.705
20529 335.815
20529 306.87
20529 330.714
20529 320.336
20529 344.454
20529 329.119
20529 334.955
20529 330.994
20529 341.43
20529 344.612
20529 331.86
20529 337.002
20529 89.632
20529 297.536
20529 333.236
20529 295.227
20529 287.237
20529 285.111
20529 315.447
20529 315.974
20529 320.053
20529 266.145
20529 297.519
20529 302.233
20529 301.101
20529 333.45
20529 311.072
20529 331.22
20529 323.338
20529 312.891
20529 300.086
20529 291.074
20529 286.313
20529 327.657
20529 292.067
20529 296.512
20529 313.476
20529 296.441
20529 282.577
20529 335.975
20529 342.665
20529 307.031
20529 329.766
20529 347.936
20529 131.371
20529 78.1865
