17934 170.908
17934 177.11
17934 189.094
17934 181.549
17934 144.288
17934 142.543
17934 179.629
17934 163.142
17934 290.156
17934 291.61
17934 323.731
17934 344.035
17934 302.559
17934 293.204
17934 282.935
17934 280.725
17934 295.9
17934 240.476
17934 244.183
17934 283.161
17934 321.545
17934 322.509
17934 307.426
17934 259.111
17934 319.846
17934 275.686
17934 312.683
17934 337.734
17934 366.225
17934 347.878
17934 337.246
17934 316.041
17934 342.174
17934 357.041
17934 324.471
17934 291.632
17934 310.955
17934 332.405
17934 352.707
17934 315.494
17934 277.243
17934 293.017
17934 334.301
17934 287.018
17934 262.218
17934 271.573
17934 284.628
17934 319.262
17934 299.421
17934 257.306
17934 276.756
17934 311.058
17934 320.355
17934 313.723
17934 293.586
17934 321.757
17934 292.527
17934 307.174
17934 361.208
17934 270.662
17934 270.866
17934 284.872
17934 313.724
17934 290.217
17934 338.774
17934 288.95
17934 276.943
17934 357.131
17934 336.216
17934 314.313
17934 343.193
17934 313.269
17934 129.415
17934 74.5669
