17637 170.874
17637 176.956
17637 194.163
17637 181.455
17637 147.187
17637 144.169
17637 179.7
17637 165.43
17637 288.935
17637 312.391
17637 290.698
17637 301.892
17637 285.056
17637 273.558
17637 273.101
17637 271.946
17637 285.723
17637 245.193
17637 260.292
17637 269.095
17637 308.097
17637 306.195
17637 287.688
17637 264.598
17637 322.852
17637 266.538
17637 294.692
17637 323.805
17637 321.877
17637 321.803
17637 306.861
17637 306.151
17637 319.185
17637 328.562
17637 306.317
17637 270.041
17637 291.359
17637 316.775
17637 319.763
17637 323.25
17637 264.263
17637 281.804
17637 328.653
17637 268.548
17637 243.759
17637 240.944
17637 268.49
17637 307.901
17637 292.383
17637 248.68
17637 259.442
17637 284.551
17637 306.269
17637 308.683
17637 284.958
17637 296.931
17637 274.75
17637 307.16
17637 323.642
17637 244.875
17637 263.715
17637 246.745
17637 273.831
17637 261.279
17637 318.972
17637 268.647
17637 231.525
17637 360.729
17637 314.122
17637 283.785
17637 345.898
17637 352.033
