23110 184.2110947
23110 182.8660833
23110 209.8523350
23110 190.5214509
23110 147.2096254
23110 146.3487155
23110 174.3917718
23110 164.1033787
23110 296.9894238
23110 278.9177853
23110 290.9323924
23110 302.9235619
23110 294.9034274
23110 273.7202761
23110 286.5381758
23110 276.3416028
23110 273.8795084
23110 244.8346653
23110 278.3246248
23110 288.2387477
23110 308.6101572
23110 303.8798534
23110 293.7308250
23110 274.2002149
23110 324.5756676
23110 294.6556705
23110 326.7870873
23110 318.6581298
23110 342.4396589
23110 335.4022234
23110 327.1522882
23110 312.1705688
23110 336.1721954
23110 343.4819677
23110 325.2907053
23110 307.1900633
23110 322.9339281
23110 335.2886272
23110 318.4689640
23110 320.0157925
23110 83.7552363
23110 296.6007219
23110 284.8219482
23110 287.9455320
23110 277.2359785
23110 297.6909138
23110 304.4896568
23110 324.4416885
23110 287.3994616
23110 279.1247524
23110 276.5826860
23110 329.1297526
23110 323.8030170
23110 303.6144634
23110 301.6327943
23110 344.6518839
23110 332.9760560
23110 288.2075876
23110 366.9825189
23110 316.9452123
23110 281.3039515
23110 341.3097292
23110 350.5627804
23110 310.0908454
23110 315.1300126
23110 293.8791340
23110 324.2315193
23110 313.1508720
23110 336.6640763
23110 360.6032572
23110 315.4444140
23110 243.2940166
23110 155.6651775
23110 25.2744560
