21342 167.1601915
21342 177.2226474
21342 183.0905621
21342 176.0666244
21342 151.6832736
21342 147.1649761
21342 185.3956502
21342 171.6899664
21342 287.2867481
21342 297.2148220
21342 289.2656309
21342 304.2382030
21342 292.5301840
21342 276.8245471
21342 286.0612892
21342 274.6886587
21342 287.3666043
21342 271.2725691
21342 303.0052936
21342 295.5507545
21342 311.3270049
21342 299.7391133
21342 292.1765909
21342 273.7778706
21342 329.8889041
21342 293.1314017
21342 315.8163419
21342 320.6081451
21342 331.2463235
21342 325.3749199
21342 334.3012879
21342 314.7604543
21342 330.8700864
21342 321.5275200
21342 331.1737955
21342 308.7530549
21342 307.4772273
21342 321.5215229
21342 302.8086069
21342 325.7597944
21342 84.7245992
21342 296.8884565
21342 308.8053903
21342 268.9264168
21342 271.5432475
21342 269.3282379
21342 307.1952303
21342 318.3610648
21342 280.1164437
21342 285.7010891
21342 283.9331594
21342 303.3967320
21342 303.1116104
21342 318.1049385
21342 301.9236923
21342 318.6818684
21342 301.6441697
21342 291.4460128
21342 330.3873885
21342 307.9400975
21342 301.2634012
21342 311.6743027
21342 309.1082640
21342 291.9246042
21342 309.0053057
21342 285.3952078
21342 278.0119701
21342 321.8344681
21342 317.5279592
21342 305.2440084
21342 327.1946922
21342 296.1319170
21342 153.9908831
21342 74.9243304
