21696 168.6851173
21696 178.0855190
21696 225.6746185
21696 180.3866399
21696 147.4228212
21696 147.8278130
21696 178.3736393
21696 166.4872328
21696 293.5560121
21696 319.5391853
21696 280.1712499
21696 284.9585379
21696 296.7388592
21696 286.9557229
21696 288.9221149
21696 277.5520355
21696 283.3417451
21696 285.3140888
21696 325.2336627
21696 283.7739241
21696 317.1073527
21696 294.6216409
21696 283.3341328
21696 276.2851732
21696 330.3546355
21696 281.6093850
21696 301.5647818
21696 323.9436379
21696 303.6863672
21696 325.7631736
21696 316.1945696
21696 319.6869903
21696 328.1606338
21696 309.5251049
21696 324.8405535
21696 298.8620600
21696 301.5605741
21696 312.8973014
21696 278.9109139
21696 341.2562544
21696 84.6107765
21696 294.7214555
21696 328.6024657
21696 280.1853546
21696 273.4554207
21696 252.3626303
21696 302.8320079
21696 314.2572167
21696 278.4818369
21696 279.2385733
21696 280.2818544
21696 296.8766231
21696 309.6013072
21696 322.9863638
21696 295.6941305
21696 308.2202655
21696 286.7410716
21696 302.5623378
21696 269.9676197
21696 268.0510277
21696 312.1364798
21696 284.6157888
21696 292.3986708
21696 285.3993449
21696 313.0523717
21696 287.0029881
21696 262.9646459
21696 335.6849241
21696 308.1950217
21696 299.0242092
21696 319.6256165
21696 341.9137967
21696 138.3187441
21696 75.5760602
