19138 170.8933434
19138 177.0986083
19138 199.8870501
19138 178.9367061
19138 151.9200698
19138 152.6211255
19138 186.0366574
19138 166.9025147
19138 268.8161041
19138 218.7542708
19138 332.9954630
19138 432.4936625
19138 319.3942396
19138 314.9496389
19138 302.7460354
19138 294.1206229
19138 326.9389193
19138 210.8154685
19138 158.1371053
19138 285.9007133
19138 338.6180233
19138 349.1510604
19138 358.6129907
19138 255.4758625
19138 299.7299069
19138 290.8444129
19138 352.8552515
19138 355.0524261
19138 466.3642014
19138 389.0457562
19138 387.5176230
19138 308.9013786
19138 366.2629366
19138 396.4434342
19138 342.0267414
19138 329.3355584
19138 344.9768249
19138 359.2038164
19138 421.1848195
19138 287.9673086
19138 312.7204918
19138 325.6261167
19138 306.3455013
19138 322.3944341
19138 311.4492597
19138 350.0026243
19138 308.0914308
19138 349.9241734
19138 316.4961977
19138 257.1613339
19138 297.9421297
19138 379.1210483
19138 354.0426768
19138 292.9577451
19138 308.0184283
19138 398.0570955
19138 358.3256328
19138 272.2734517
19138 458.4639095
19138 378.5456733
19138 256.1121508
19138 398.3540503
19138 413.1990388
19138 366.3201169
19138 355.7071130
19138 326.6467916
19138 417.6124457
19138 303.0918479
19138 393.7948197
19138 379.6304201
19138 305.3907250
19138 325.9165807
19138 136.6264953
19138 74.3868759
