21173 166.1348441
21173 177.0111911
21173 183.3535144
21173 174.1662178
21173 151.0243887
21173 146.0242267
21173 185.7269031
21173 170.6369429
21173 288.4637230
21173 233.5341245
21173 368.4537375
21173 391.4712345
21173 305.9039461
21173 310.7577079
21173 323.9740472
21173 298.5935670
21173 326.3678500
21173 107.9413553
21173 222.8685660
21173 323.9751130
21173 332.3014457
21173 343.8894313
21173 352.3911682
21173 289.5629761
21173 302.8987862
21173 342.4367489
21173 381.0752152
21173 341.4951212
21173 440.6504913
21173 346.5805848
21173 379.5331746
21173 316.0905209
21173 366.0672348
21173 383.9943684
21173 361.1026947
21173 371.8407383
21173 368.5329805
21173 381.3539321
21173 416.3779402
21173 306.5638890
21173 83.7608033
21173 293.4178069
21173 309.2567142
21173 290.3530704
21173 299.9370203
21173 298.3091737
21173 281.5313400
21173 334.7006381
21173 324.2690159
21173 257.0228144
21173 292.7561996
21173 306.1700547
21173 300.0046574
21173 319.6784122
21173 299.2586480
21173 349.5483338
21173 333.7581620
21173 293.9060317
21173 352.3951406
21173 263.1410021
21173 275.2510631
21173 338.6943683
21173 301.1286797
21173 287.2437263
21173 318.9423396
21173 292.2880566
21173 304.2073442
21173 322.9158688
21173 357.0545117
21173 315.7108124
21173 312.7588465
21173 287.8230568
21173 153.2100600
21173 74.9789698
