23063 181.7681607
23063 184.4456820
23063 217.7881001
23063 187.5751101
23063 151.6286781
23063 152.6896822
23063 178.6042975
23063 170.3217245
23063 297.3680512
23063 283.9717050
23063 291.6675538
23063 301.6933517
23063 297.4299120
23063 275.6433836
23063 286.8689854
23063 275.8239312
23063 275.1762079
23063 249.4970551
23063 280.9955882
23063 287.1022287
23063 309.1369523
23063 301.8688846
23063 292.8948468
23063 274.9326222
23063 325.6413791
23063 295.1661733
23063 324.9217280
23063 317.0057956
23063 337.0915661
23063 332.6230318
23063 324.9608593
23063 313.8975359
23063 338.2643649
23063 342.2413501
23063 325.4375276
23063 305.0100401
23063 323.7560436
23063 333.3665144
23063 315.4615364
23063 321.6793929
23063 83.8756771
23063 295.9631569
23063 285.7654113
23063 283.6893417
23063 276.4176931
23063 293.4608051
23063 303.6303459
23063 324.0339671
23063 286.3040861
23063 280.7067710
23063 276.7190253
23063 324.9524290
23063 322.6001396
23063 301.3364958
23063 300.1086272
23063 340.5274660
23063 326.2860887
23063 293.5629101
23063 361.5298692
23063 309.7159311
23063 283.0704739
23063 335.2988928
23063 345.0411987
23063 303.9842888
23063 314.3472020
23063 292.4352425
23063 314.7065524
23063 319.1938079
23063 332.7994496
23063 352.3343629
23063 319.5706033
23063 255.1630603
23063 151.1318436
23063 28.2981213
