17721 171.129
17721 177.132
17721 187.467
17721 182.192
17721 147.097
17721 144.226
17721 179.507
17721 164.946
17721 292.651
17721 306.426
17721 294.948
17721 308.157
17721 286.71
17721 275.178
17721 271.608
17721 272.348
17721 287.267
17721 241.76
17721 256.546
17721 271.03
17721 307.527
17721 308.878
17721 291.805
17721 259.676
17721 322.506
17721 266.465
17721 299.555
17721 324.794
17721 327.915
17721 324.875
17721 309.992
17721 306.618
17721 314.847
17721 332.173
17721 307.977
17721 273.333
17721 295.102
17721 317.248
17721 324.953
17721 320.326
17721 266.204
17721 283.239
17721 328.913
17721 270.199
17721 245.056
17721 244.851
17721 268.955
17721 306.293
17721 292.181
17721 249.71
17721 261.269
17721 285.744
17721 299.41
17721 308.085
17721 285.407
17721 299.534
17721 273.428
17721 307.388
17721 327.833
17721 248.246
17721 264.217
17721 250.937
17721 278.604
17721 263.308
17721 319.9
17721 269.843
17721 237.187
17721 355.876
17721 316.847
17721 287.362
17721 344.396
17721 343.934
