19628 172.1781626
19628 176.1081883
19628 241.9244345
19628 182.9056604
19628 148.1959357
19628 150.6768726
19628 184.4023672
19628 172.6912246
19628 279.6836996
19628 264.9522594
19628 304.9437812
19628 413.2111032
19628 318.9477082
19628 307.7698529
19628 311.0553667
19628 294.4294258
19628 346.4693582
19628 231.6766054
19628 186.9661379
19628 287.7647343
19628 336.5284029
19628 344.5289038
19628 339.6365856
19628 253.3752503
19628 308.7376889
19628 279.0984165
19628 332.8667171
19628 348.4980371
19628 429.0608556
19628 371.4552276
19628 370.6848717
19628 311.8572118
19628 360.7021290
19628 373.5700267
19628 340.6177655
19628 316.1120205
19628 333.2214224
19628 346.3808122
19628 383.5835309
19628 301.8639191
19628 322.0382300
19628 320.0116933
19628 305.1510295
19628 330.9292694
19628 318.4217100
19628 350.7351590
19628 303.7477219
19628 350.3450595
19628 335.5805337
19628 260.8113105
19628 300.9271959
19628 380.2687380
19628 348.6184320
19628 293.2582037
19628 307.8030303
19628 394.7618420
19628 363.1002751
19628 275.3136653
19628 465.5697438
19628 377.3217664
19628 242.9701012
19628 390.5058215
19628 411.2843580
19628 362.2239140
19628 361.5099505
19628 333.1096654
19628 422.3232476
19628 300.2096196
19628 390.9697810
19628 397.7545172
19628 309.0654676
19628 336.3980728
19628 120.0220158
19628 28.4633253
