19384 168.4413496
19384 176.0143191
19384 234.5678936
19384 182.7327413
19384 149.2117169
19384 148.8457103
19384 183.8079727
19384 171.3302445
19384 276.5106774
19384 256.7299654
19384 307.8976080
19384 413.3482019
19384 314.9935103
19384 306.4227044
19384 310.6743488
19384 293.7555496
19384 345.4398590
19384 232.4261267
19384 182.7373666
19384 286.5670349
19384 334.3847013
19384 343.9509717
19384 340.2338468
19384 254.2996727
19384 305.5923430
19384 279.9279748
19384 334.8353507
19384 350.7675916
19384 426.9288508
19384 370.9428304
19384 372.8827942
19384 313.1985089
19384 361.6570167
19384 373.5954603
19384 339.1660981
19384 313.0292760
19384 335.4065561
19384 345.1627650
19384 385.4582167
19384 298.7414783
19384 323.5416745
19384 328.9387719
19384 302.6263046
19384 328.7440421
19384 317.8771552
19384 353.3839878
19384 303.2792685
19384 347.1127776
19384 331.7599652
19384 259.7793938
19384 296.3882091
19384 383.0649447
19384 348.7734665
19384 294.9170898
19384 307.2004784
19384 399.0033188
19384 363.8104835
19384 273.5594343
19384 466.7756432
19384 376.6188322
19384 244.6573142
19384 401.1073846
19384 423.0047624
19384 364.5660632
19384 358.3669657
19384 332.7093876
19384 422.5509064
19384 296.9971890
19384 392.9806997
19384 399.1487799
19384 304.9566396
19384 327.7540114
19384 125.0997343
19384 74.4114394
