17017 167.372
17017 175.773
17017 199.473
17017 176.295
17017 143.676
17017 143.435
17017 180.03
17017 161.113
17017 283.157
17017 308.056
17017 291.276
17017 301.838
17017 283.173
17017 272.376
17017 270.274
17017 271.125
17017 277.413
17017 255.14
17017 272.675
17017 264.626
17017 302.951
17017 292.755
17017 286.566
17017 261.686
17017 325.381
17017 260.903
17017 285.657
17017 315.645
17017 316.733
17017 315.12
17017 305.338
17017 299.273
17017 302.877
17017 314.068
17017 302.516
17017 276.834
17017 299.07
17017 312.212
17017 318.192
17017 321.754
17017 278.034
17017 286.114
17017 303.96
17017 269.512
17017 265.728
17017 250.115
17017 272.364
17017 296.567
17017 276.157
17017 257.073
17017 259.694
17017 298.039
17017 294.534
17017 300.294
17017 288.777
17017 322.695
17017 298.891
17017 294.949
17017 326.333
17017 276.303
17017 282.593
17017 284.102
17017 286.215
17017 262.052
17017 284.099
17017 264.193
17017 263.288
17017 326.111
17017 317.872
17017 293.15
17017 323.631
17017 296.239
