17720 171.321
17720 177.27
17720 188.05
17720 182.653
17720 147.059
17720 144.295
17720 179.576
17720 165.172
17720 293.175
17720 307.911
17720 293.848
17720 306.192
17720 286.999
17720 275.315
17720 271.653
17720 271.588
17720 286.342
17720 242.193
17720 258.019
17720 270.934
17720 307.872
17720 308.335
17720 290.853
17720 261.695
17720 322.871
17720 266.803
17720 298.366
17720 324.358
17720 326.381
17720 324.426
17720 309.016
17720 307.201
17720 314.36
17720 331.325
17720 307.326
17720 272.116
17720 295.874
17720 316.519
17720 322.742
17720 321.258
17720 265.56
17720 282.183
17720 329.35
17720 268.96
17720 244.408
17720 243.377
17720 269.088
17720 305.571
17720 292.094
17720 249.423
17720 260.566
17720 285.122
17720 299.844
17720 308.833
17720 285.255
17720 299.495
17720 272.371
17720 307.481
17720 326.408
17720 247.448
17720 263.651
17720 250.393
17720 276.987
17720 261.695
17720 319.147
17720 269.301
17720 235.116
17720 356.686
17720 316.832
17720 286.437
17720 344.827
17720 346.977
