18025 173.129
18025 177.925
18025 195.07
18025 185.343
18025 141.929
18025 141.57
18025 177.727
18025 158.864
18025 292.008
18025 302.977
18025 312.61
18025 338.867
18025 300.818
18025 290.938
18025 281.834
18025 275.8
18025 293.782
18025 243.393
18025 255.549
18025 281.954
18025 320.347
18025 320.096
18025 301.312
18025 259.637
18025 321.101
18025 273.473
18025 307.859
18025 336.611
18025 352.894
18025 341.165
18025 325.552
18025 315.51
18025 336.705
18025 351.275
18025 323.639
18025 286.045
18025 308.44
18025 328.794
18025 341.462
18025 317.766
18025 278.967
18025 292.291
18025 336.98
18025 284.706
18025 259.178
18025 267.186
18025 279.845
18025 311.614
18025 295.343
18025 253.341
18025 276.547
18025 304.319
18025 317.359
18025 315.159
18025 293.144
18025 317.484
18025 287.151
18025 310.516
18025 352.884
18025 263.147
18025 273.603
18025 277.502
18025 303.53
18025 285.872
18025 336.484
18025 284.155
18025 257.822
18025 361.599
18025 331.27
18025 304.917
18025 345.026
18025 328.851
18025 125.826
18025 74.5837
