17034 167.238
17034 175.614
17034 203.423
17034 176.212
17034 144.363
17034 144.12
17034 180.431
17034 162.089
17034 283.184
17034 310.059
17034 290.687
17034 300.326
17034 284.05
17034 272.725
17034 271.16
17034 271.003
17034 277.52
17034 256.465
17034 275.057
17034 264.868
17034 301.609
17034 293.483
17034 285.538
17034 261.72
17034 326.147
17034 261.152
17034 286.15
17034 317.046
17034 315.003
17034 315.158
17034 312.815
17034 300.248
17034 303.605
17034 314.341
17034 303.851
17034 275.606
17034 299.014
17034 312.952
17034 315.794
17034 323.244
17034 277.07
17034 285.956
17034 305.268
17034 269.956
17034 265.589
17034 248.928
17034 272.287
17034 297.564
17034 276.769
17034 257.479
17034 259.651
17034 297.694
17034 295.235
17034 299.984
17034 289.055
17034 321.701
17034 297.608
17034 295.32
17034 324.308
17034 274.837
17034 284.657
17034 282.286
17034 286.211
17034 260.981
17034 287.441
17034 264.359
17034 259.67
17034 328.479
17034 316.495
17034 291.758
17034 326.686
17034 301.031
