17686 170.288
17686 176.282
17686 211.326
17686 180.294
17686 147.337
17686 144.3
17686 180.187
17686 166.584
17686 289.292
17686 309.379
17686 297.471
17686 311.099
17686 290.922
17686 278.892
17686 277.191
17686 275.13
17686 289.437
17686 246.362
17686 254.959
17686 271.764
17686 311.122
17686 311.672
17686 293.542
17686 264.435
17686 322.661
17686 267.239
17686 298.855
17686 328.688
17686 329.842
17686 327.128
17686 311.918
17686 307.977
17686 319.591
17686 333.347
17686 309.387
17686 274.859
17686 296.745
17686 318.633
17686 324.553
17686 324.34
17686 267.81
17686 285.668
17686 330.169
17686 273.341
17686 248.114
17686 247.785
17686 269.905
17686 311.56
17686 293.627
17686 251.283
17686 262.957
17686 291.124
17686 303.61
17686 310.429
17686 287.992
17686 303.029
17686 281.326
17686 309.72
17686 332.586
17686 250.61
17686 264.434
17686 258.836
17686 281.692
17686 267.099
17686 322.839
17686 272.383
17686 240.564
17686 358.812
17686 319.66
17686 290.133
17686 347.058
17686 344.524
