21355 167.4548485
21355 177.5392474
21355 193.4203437
21355 179.1062920
21355 152.9520773
21355 149.5293281
21355 185.8242288
21355 173.0695715
21355 288.0609910
21355 300.0159612
21355 295.6457145
21355 308.1207974
21355 296.8405982
21355 282.2363250
21355 289.1437190
21355 276.8020286
21355 288.1919426
21355 271.2900524
21355 300.5530779
21355 295.1498715
21355 312.2389542
21355 300.2578176
21355 295.0550807
21355 275.4743635
21355 331.2726558
21355 291.1589509
21355 315.7680862
21355 321.2814661
21355 332.2823619
21355 328.1821244
21355 335.5096207
21355 316.5986520
21355 329.2158786
21355 320.9168503
21355 332.0156947
21355 311.0714363
21355 308.6606894
21355 321.6437546
21355 301.0728946
21355 327.6416850
21355 85.0058873
21355 296.3750731
21355 311.6165361
21355 279.7649192
21355 272.8372215
21355 268.6812242
21355 309.8422957
21355 317.2504134
21355 282.2998579
21355 284.2228720
21355 286.8797062
21355 302.1367334
21355 308.6930967
21355 319.5278273
21355 304.3071600
21355 317.7610919
21355 302.0330495
21355 290.6846323
21355 330.0465754
21355 314.4987065
21355 304.6983259
21355 310.5620477
21355 308.8573702
21355 293.7319147
21355 308.9066390
21355 291.0231700
21355 278.8595730
21355 322.3242669
21355 318.3225126
21355 306.9528828
21355 332.9445538
21355 301.9911551
21355 148.0154644
21355 74.5767938
