16989 167.283
16989 175.838
16989 190.165
16989 176.428
16989 142.877
16989 142.544
16989 179.976
16989 160.012
16989 284.75
16989 309.497
16989 287.337
16989 296.748
16989 281.8
16989 269.791
16989 268.601
16989 269.307
16989 276.487
16989 255.388
16989 276.068
16989 263.766
16989 300.163
16989 291.408
16989 284.444
16989 260.921
16989 325.7
16989 260.173
16989 284.245
16989 313.684
16989 312.128
16989 313.112
16989 300.091
16989 298.074
16989 301.423
16989 312.43
16989 300.902
16989 274.101
16989 297.641
16989 311.532
16989 313.976
16989 321.734
16989 276.674
16989 284.806
16989 300.988
16989 268.352
16989 264.288
16989 249.522
16989 270.46
16989 295.17
16989 274.193
16989 252.661
16989 257.389
16989 296.525
16989 293.805
16989 296.761
16989 288.619
16989 323.924
16989 299.22
16989 293.738
16989 326.024
16989 276.365
16989 280.893
16989 282.586
16989 285.448
16989 261.51
16989 279.515
16989 262.29
16989 264.718
16989 324.05
16989 317.86
16989 293.079
16989 327.955
16989 292.459
