17661 171.019
17661 176.591
17661 202.588
17661 180.757
17661 147.86
17661 144.754
17661 180.86
17661 167.073
17661 289.579
17661 304.422
17661 300.22
17661 316.065
17661 289.048
17661 278.45
17661 277.522
17661 275.424
17661 288.549
17661 243.369
17661 250.726
17661 271.808
17661 311.262
17661 310.968
17661 295.047
17661 263.917
17661 322.216
17661 268.147
17661 301.412
17661 327.266
17661 335.531
17661 327.127
17661 315.075
17661 306.805
17661 320.083
17661 334.617
17661 309.954
17661 277.511
17661 297.439
17661 320.934
17661 330.044
17661 320.646
17661 269.357
17661 285.773
17661 328.089
17661 273.864
17661 248.915
17661 247.81
17661 270.569
17661 311.615
17661 293.49
17661 249.975
17661 261.647
17661 291.404
17661 303.96
17661 309.826
17661 286.541
17661 304.876
17661 282.356
17661 308.617
17661 334.516
17661 251.79
17661 262.474
17661 256.715
17661 283.731
17661 268.532
17661 321.513
17661 273.091
17661 244.834
17661 356.232
17661 321.101
17661 292.499
17661 344.711
17661 338.195
