17951 171.365
17951 177.052
17951 204.061
17951 182.716
17951 144.145
17951 142.842
17951 180.151
17951 163.718
17951 291.652
17951 296.975
17951 323.117
17951 345.708
17951 304.2
17951 296.007
17951 286.038
17951 281.028
17951 296.113
17951 244.046
17951 247.361
17951 283.73
17951 322.581
17951 323.497
17951 307.437
17951 259.813
17951 320.39
17951 275.713
17951 309.828
17951 337.118
17951 361.961
17951 346.999
17951 335.712
17951 316.382
17951 341.972
17951 355.867
17951 324.774
17951 290.808
17951 309.642
17951 331.584
17951 348.523
17951 318.174
17951 277.228
17951 294.169
17951 335.885
17951 287.894
17951 263.544
17951 270.129
17951 284.6
17951 318.899
17951 301.881
17951 258.068
17951 277.491
17951 312.237
17951 320.026
17951 315.231
17951 294.259
17951 320.336
17951 292.205
17951 311.283
17951 359.198
17951 269.128
17951 273.75
17951 281.376
17951 311.341
17951 289.638
17951 337.744
17951 287.747
17951 273.285
17951 361.403
17951 332.882
17951 311.162
17951 346.708
17951 321.496
17951 122.481
17951 74.4522
