23078 187.8421348
23078 185.2401037
23078 200.6794793
23078 198.1405618
23078 152.4580160
23078 152.2314319
23078 176.4173219
23078 167.6039196
23078 297.8871630
23078 282.6071482
23078 284.7123743
23078 294.1537136
23078 294.4401894
23078 270.5939349
23078 283.5207174
23078 272.6691488
23078 272.1620148
23078 248.4359240
23078 286.1007744
23078 285.5657833
23078 306.8362381
23078 297.2086526
23078 287.5869690
23078 273.9345590
23078 323.4154056
23078 291.6193720
23078 321.6519955
23078 315.7558247
23078 328.1501133
23078 329.1316831
23078 320.9712873
23078 311.9419070
23078 333.9087488
23078 337.8205672
23078 322.2009912
23078 301.1618753
23078 319.9445749
23078 333.1025083
23078 311.1256223
23078 318.7311532
23078 83.6418575
23078 293.7883530
23078 285.3225731
23078 282.4122681
23078 273.8011438
23078 290.9008897
23078 302.1109149
23078 321.9817049
23078 284.0437928
23078 276.3966574
23078 272.9256017
23078 322.4220336
23078 318.8659216
23078 301.8990877
23078 299.7461926
23078 337.2600803
23078 325.2556690
23078 294.1650071
23078 355.1505984
23078 305.6802105
23078 285.1444222
23078 329.9914223
23078 339.5582010
23078 301.3711203
23078 311.1853425
23078 287.5317428
23078 309.0319487
23078 318.8741942
23078 333.2804987
23078 347.1569430
23078 317.1266377
23078 257.6149041
23078 159.6267953
23078 34.2230863
