20614 172.6681181
20614 176.8228266
20614 177.8537973
20614 171.4277390
20614 144.5305288
20614 154.4967236
20614 196.5588436
20614 174.0045093
20614 313.7552851
20614 296.9871452
20614 306.5282084
20614 316.9032459
20614 290.9184339
20614 288.4244958
20614 307.5243460
20614 290.7605094
20614 309.9269865
20614 173.8594798
20614 319.5609128
20614 308.3079639
20614 327.1018634
20614 307.6907036
20614 302.8813798
20614 298.2249601
20614 301.3925930
20614 324.5946247
20614 356.1896357
20614 327.3213495
20614 369.8676194
20614 317.2697003
20614 344.9018412
20614 313.9898334
20614 348.0701642
20614 339.4367292
20614 337.0231620
20614 342.1067735
20614 346.9432729
20614 352.7957323
20614 357.4794644
20614 320.5593097
20614 89.9448977
20614 292.0935663
20614 320.2453924
20614 284.0544434
20614 277.2513870
20614 280.7364614
20614 315.4325837
20614 317.9969300
20614 317.6608731
20614 255.5332482
20614 290.4309736
20614 293.4966402
20614 293.1866960
20614 325.8978485
20614 305.7016690
20614 327.4878738
20614 314.0677219
20614 292.0253590
20614 276.3407380
20614 282.0860061
20614 276.9200013
20614 324.7576335
20614 286.2754081
20614 289.3995397
20614 307.8200058
20614 288.4856799
20614 282.8267322
20614 336.6167832
20614 346.2892290
20614 305.8332922
20614 324.5606070
20614 341.1442980
20614 146.5131585
20614 77.3364158
