21223 166.4280734
21223 177.0727375
21223 181.2498781
21223 174.9732303
21223 151.2777457
21223 146.3808413
21223 186.1295500
21223 170.9607013
21223 287.9697480
21223 223.8862309
21223 370.4464827
21223 394.8789588
21223 304.2259880
21223 314.0139427
21223 328.0650378
21223 298.5539844
21223 327.9786446
21223 106.7688721
21223 216.6189126
21223 322.2014263
21223 333.0341106
21223 348.4822029
21223 356.3618180
21223 300.2922753
21223 300.6536597
21223 340.5416113
21223 384.4253622
21223 344.0357488
21223 445.5902872
21223 350.2668147
21223 385.8529277
21223 316.4566890
21223 365.7796608
21223 385.9418835
21223 360.7290839
21223 374.3689303
21223 370.4878504
21223 381.6341615
21223 419.4219328
21223 294.8236422
21223 83.6948600
21223 295.4332045
21223 311.5137093
21223 289.6214283
21223 300.6185478
21223 298.1353853
21223 284.3917197
21223 334.3491078
21223 318.5627004
21223 258.6705056
21223 295.0284028
21223 299.5027392
21223 300.7834416
21223 319.8934759
21223 300.0256762
21223 350.8189189
21223 335.6630070
21223 291.2744492
21223 355.0207676
21223 260.7950221
21223 272.2623795
21223 339.8769896
21223 305.1296143
21223 290.5220230
21223 318.8337167
21223 290.8557506
21223 307.0455318
21223 322.1190789
21223 354.2576094
21223 317.8418527
21223 310.5772735
21223 278.6101977
21223 154.6634161
21223 74.8268095
