17651 170.604
17651 176.668
17651 198.609
17651 180.782
17651 147.143
17651 143.992
17651 179.688
17651 165.53
17651 289.353
17651 305.828
17651 297.222
17651 311.473
17651 287.181
17651 276.618
17651 274.843
17651 274.075
17651 286.92
17651 242.81
17651 252.19
17651 270.255
17651 308.951
17651 309.96
17651 293.486
17651 263.285
17651 322.958
17651 267.216
17651 298.769
17651 325.205
17651 331.276
17651 325.391
17651 311.28
17651 306.511
17651 317.767
17651 331.944
17651 307.534
17651 275.685
17651 295.77
17651 318.956
17651 327.742
17651 321.083
17651 266.006
17651 284.225
17651 327.708
17651 271.163
17651 246.267
17651 245.021
17651 268.045
17651 308.393
17651 293.154
17651 247.237
17651 260.532
17651 287.466
17651 300.853
17651 308.489
17651 285.216
17651 301.789
17651 278.126
17651 307.718
17651 329.256
17651 249.064
17651 263.638
17651 253.15
17651 279.087
17651 264.208
17651 319.576
17651 271.28
17651 238.937
17651 356.39
17651 317.174
17651 288.193
17651 343.75
17651 344.193
