17690 169.928
17690 176.099
17690 213.82
17690 179.68
17690 146.725
17690 143.769
17690 179.562
17690 165.635
17690 289.043
17690 310.968
17690 297.069
17690 309.794
17690 290.827
17690 278.88
17690 277.597
17690 275.02
17690 289.16
17690 246.428
17690 256.512
17690 271.957
17690 310.98
17690 311.496
17690 292.978
17690 264.723
17690 322.732
17690 268.63
17690 297.078
17690 328.059
17690 328.51
17690 325.944
17690 311.183
17690 308.292
17690 318.777
17690 332.763
17690 310.031
17690 274.076
17690 295.362
17690 318.273
17690 323.11
17690 325.796
17690 267.428
17690 285.717
17690 331.413
17690 272.603
17690 247.48
17690 245.804
17690 270.476
17690 310.862
17690 293.865
17690 251.858
17690 262.251
17690 291.181
17690 303.952
17690 310.606
17690 287.407
17690 302.165
17690 280.009
17690 309.709
17690 331.208
17690 249.764
17690 265.005
17690 257.409
17690 280.707
17690 265.838
17690 321.873
17690 272.386
17690 239.248
17690 359.915
17690 319.756
17690 289.211
17690 347.18
17690 346.357
