17035 167.164
17035 175.543
17035 203.266
17035 176.013
17035 144.221
17035 143.892
17035 180.362
17035 161.813
17035 283.336
17035 310.397
17035 290.295
17035 300.152
17035 283.825
17035 272.57
17035 270.597
17035 271.372
17035 277.656
17035 255.947
17035 275.693
17035 264.775
17035 301.686
17035 293.533
17035 285.326
17035 261.484
17035 326.412
17035 261.233
17035 286.001
17035 316.812
17035 314.806
17035 315.221
17035 312.518
17035 299.971
17035 303.283
17035 313.969
17035 303.388
17035 275.617
17035 299.464
17035 312.639
17035 316.076
17035 323.18
17035 277.08
17035 286.016
17035 305
17035 270.015
17035 265.399
17035 249.114
17035 272.496
17035 297.149
17035 276.827
17035 256.572
17035 259.889
17035 297.194
17035 294.658
17035 300.801
17035 289.288
17035 320.972
17035 297.527
17035 295.44
17035 324.625
17035 274.309
17035 284.57
17035 282.589
17035 286.072
17035 260.96
17035 287.064
17035 264.115
17035 259.587
17035 327.807
17035 316.694
17035 291.625
17035 326.203
17035 301.32
