21509 167.5577816
21509 177.8660669
21509 188.6274757
21509 178.2992841
21509 153.5131500
21509 150.3577743
21509 188.6308117
21509 174.5036381
21509 294.6350552
21509 320.0310668
21509 270.2225923
21509 272.2258947
21509 289.7393695
21509 276.7360441
21509 280.0310495
21509 271.3209625
21509 279.9390495
21509 278.4070134
21509 327.2356883
21509 292.7403106
21509 311.6413238
21509 288.6083452
21509 274.5594671
21509 278.0415062
21509 333.2916683
21509 287.3759235
21509 301.8943367
21509 316.0549464
21509 299.8044394
21509 316.9812429
21509 314.0343106
21509 313.5413294
21509 322.0621989
21509 308.2480973
21509 323.2923679
21509 292.4865569
21509 298.9381457
21509 314.7056473
21509 276.2153777
21509 330.6765213
21509 84.6675309
21509 288.2021244
21509 308.6678347
21509 275.2908599
21509 266.5168970
21509 260.2970594
21509 304.2186833
21509 313.3363376
21509 281.2499808
21509 281.3183409
21509 283.3681596
21509 294.8889931
21509 304.3476575
21509 316.3998019
21509 297.9846245
21509 309.1320705
21509 292.7000535
21509 292.3224255
21509 320.6662978
21509 298.8637984
21509 301.8728386
21509 299.9186392
21509 296.9899137
21509 288.0224751
21509 310.1853807
21509 286.3668732
21509 268.3361419
21509 328.0193627
21509 313.4583619
21509 293.7493183
21509 327.1052790
21509 315.5301421
21509 150.9203040
21509 74.7252331
