21915 168.4268082
21915 179.5138227
21915 204.1658968
21915 178.3799905
21915 147.7566641
21915 147.5903715
21915 178.2088221
21915 169.8372581
21915 295.1974172
21915 324.5161464
21915 270.9854493
21915 273.2748066
21915 289.6619229
21915 288.0694951
21915 285.0734504
21915 271.1956772
21915 288.1001040
21915 285.7197315
21915 335.4315472
21915 284.0154735
21915 314.9107450
21915 291.3102620
21915 276.6525893
21915 276.2527486
21915 333.8414598
21915 283.5246264
21915 295.0917095
21915 316.7344408
21915 296.3674214
21915 320.8392024
21915 312.5195066
21915 321.5974405
21915 333.0637075
21915 303.7516218
21915 321.3108409
21915 290.8848689
21915 296.7288987
21915 311.1049535
21915 269.0059518
21915 338.4696559
21915 84.2993029
21915 294.2193813
21915 320.7997792
21915 276.8485322
21915 269.5716248
21915 251.9212879
21915 304.1338214
21915 312.3371866
21915 281.0169139
21915 280.0243262
21915 284.0017085
21915 294.0985456
21915 302.7310898
21915 320.8118590
21915 293.2245878
21915 304.3984210
21915 284.8997934
21915 303.3655429
21915 270.5236628
21915 265.9239917
21915 313.2273763
21915 280.0942832
21915 291.0800271
21915 282.9589948
21915 314.5113298
21915 282.7870581
21915 264.2097172
21915 333.8570172
21915 307.3117765
21915 297.5602455
21915 316.2494122
21915 344.2046115
21915 151.8525819
21915 75.5143294
