16992 167.181
16992 175.782
16992 191.099
16992 176.34
16992 142.774
16992 142.497
16992 179.949
16992 159.9
16992 284.815
16992 309.116
16992 287.941
16992 298.09
16992 281.693
16992 269.873
16992 268.852
16992 269.293
16992 276.775
16992 255.534
16992 275.31
16992 263.159
16992 301.501
16992 291.156
16992 284.607
16992 260.825
16992 324.674
16992 258.813
16992 284.462
16992 313.156
16992 313.023
16992 312.856
16992 299.716
16992 298.635
16992 301.319
16992 312.37
16992 301.038
16992 275.239
16992 297.542
16992 311.866
16992 315.516
16992 321.002
16992 276.851
16992 285.183
16992 301.236
16992 267.759
16992 264.133
16992 250.138
16992 270.816
16992 294.815
16992 274.688
16992 254.146
16992 257.34
16992 296.74
16992 293.228
16992 297.229
16992 288.668
16992 323.528
16992 299.527
16992 294.983
16992 325.358
16992 275.536
16992 281.558
16992 282.893
16992 286.095
16992 262.112
16992 280.048
16992 263.112
16992 264.77
16992 323.503
16992 317.189
16992 292.613
16992 327.61
16992 291.877
