17943 170.873
17943 176.949
17943 192.416
17943 181.585
17943 144.996
17943 143.082
17943 180.313
17943 163.891
17943 290.725
17943 286.459
17943 330.934
17943 351.959
17943 303.241
17943 295.899
17943 284.373
17943 281.41
17943 296.323
17943 239.189
17943 237.34
17943 283.798
17943 323.4
17943 325.163
17943 312.721
17943 258.533
17943 319.889
17943 277.473
17943 314.882
17943 338.901
17943 373.352
17943 350.726
17943 342.149
17943 315.011
17943 344.96
17943 359.934
17943 325.453
17943 296.285
17943 312.703
17943 333.905
17943 358.766
17943 313.135
17943 279.744
17943 295.258
17943 333.736
17943 288.8
17943 263.204
17943 275.732
17943 285.471
17943 319.554
17943 300.385
17943 257.927
17943 279.149
17943 313.979
17943 323.622
17943 311.941
17943 294.352
17943 326.798
17943 297.347
17943 306.551
17943 366.826
17943 274.196
17943 270.87
17943 290.762
17943 318.541
17943 294.181
17943 338.788
17943 290.729
17943 284.615
17943 355.395
17943 336.483
17943 318.427
17943 341.605
17943 304.985
17943 128.819
17943 74.4249
