17700 170.261
17700 176.355
17700 213.283
17700 180.414
17700 147.149
17700 144.147
17700 179.968
17700 166.288
17700 291.239
17700 316.01
17700 293.592
17700 302.536
17700 289.351
17700 277.919
17700 275.24
17700 273.277
17700 288.015
17700 247.85
17700 260.851
17700 271.455
17700 310.547
17700 310.743
17700 289.311
17700 264.405
17700 323.8
17700 266.471
17700 294.133
17700 327.174
17700 322.248
17700 324.034
17700 307.414
17700 307.624
17700 316.429
17700 328.68
17700 308.09
17700 270.436
17700 295.73
17700 316.919
17700 317.219
17700 326.975
17700 265.314
17700 284.017
17700 330.829
17700 271.876
17700 246.724
17700 243.326
17700 269.721
17700 308.043
17700 294.057
17700 253.832
17700 261.958
17700 288.763
17700 302.006
17700 311.355
17700 287.346
17700 299.85
17700 277.042
17700 310.373
17700 327.217
17700 247.545
17700 265.113
17700 252.97
17700 277.535
17700 263.831
17700 321.013
17700 270.695
17700 233.436
17700 360.997
17700 317.151
17700 286.26
17700 348.509
17700 353.935
