21168 166.2213665
21168 177.1527648
21168 184.3334506
21168 174.1800292
21168 151.4128930
21168 146.0426481
21168 186.0759571
21168 170.8910264
21168 288.2087510
21168 230.4402241
21168 369.0157303
21168 389.6168913
21168 306.1259736
21168 309.8631366
21168 324.9897871
21168 300.0962349
21168 327.5044711
21168 109.9953126
21168 223.9985416
21168 322.9267912
21168 332.5291190
21168 345.7791441
21168 353.6918981
21168 290.1441480
21168 303.7083547
21168 342.3303752
21168 381.4949457
21168 341.6295047
21168 442.0624151
21168 348.4266910
21168 381.5913566
21168 315.9242811
21168 364.9400891
21168 384.1847480
21168 360.1103938
21168 372.9587804
21168 370.2917647
21168 382.4167000
21168 416.4734844
21168 305.5207344
21168 83.9667195
21168 293.6075089
21168 309.3738458
21168 289.7246586
21168 300.1905028
21168 297.0486582
21168 281.2545060
21168 336.1895583
21168 324.2536247
21168 263.0323411
21168 293.0077360
21168 306.8867757
21168 299.4773069
21168 320.4266708
21168 298.8216162
21168 348.8438810
21168 334.2214101
21168 295.1644405
21168 354.3425564
21168 263.5202889
21168 273.9810706
21168 339.5272089
21168 301.9932953
21168 287.5245499
21168 319.1094691
21168 290.6856033
21168 304.8622848
21168 323.0783636
21168 358.3102252
21168 315.6112904
21168 311.5339557
21168 287.4108153
21168 152.6025206
21168 75.1044305
