17717 171.394
17717 177.248
17717 190.382
17717 182.864
17717 146.048
17717 143.911
17717 178.95
17717 165.154
17717 292.809
17717 311.262
17717 292.085
17717 302.573
17717 286.517
17717 275.088
17717 272.588
17717 272.138
17717 286.461
17717 243.74
17717 260.847
17717 269.861
17717 307.52
17717 307.097
17717 289.145
17717 263.093
17717 322.166
17717 265.764
17717 296.302
17717 324.57
17717 322.391
17717 323.198
17717 307.666
17717 307.157
17717 313.689
17717 329.431
17717 306.789
17717 270.322
17717 295.388
17717 316.633
17717 319.096
17717 322.675
17717 264.412
17717 281.423
17717 329.275
17717 268.931
17717 244.429
17717 241.348
17717 269.024
17717 305.541
17717 292.83
17717 247.575
17717 259.488
17717 284.017
17717 299.307
17717 309.497
17717 285.386
17717 297.465
17717 271.083
17717 308.107
17717 323.883
17717 245.063
17717 264.489
17717 253.498
17717 275.386
17717 260.343
17717 318.926
17717 268.863
17717 231.506
17717 358.09
17717 315.336
17717 283.822
17717 345.939
17717 352.46
