21808 167.8734253
21808 177.2511936
21808 195.5354330
21808 177.5229557
21808 148.3507463
21808 146.7605223
21808 180.3373049
21808 168.5244236
21808 292.8029531
21808 308.9839763
21808 285.0003616
21808 294.0907727
21808 293.6364098
21808 283.6890935
21808 286.9043082
21808 276.7503668
21808 287.5575962
21808 276.8971317
21808 317.6204259
21808 284.5571034
21808 316.8548032
21808 298.9867156
21808 287.9235853
21808 275.3434285
21808 332.6641618
21808 289.1181664
21808 308.5902440
21808 321.8500918
21808 315.1298634
21808 329.8648462
21808 322.2662683
21808 318.0415160
21808 328.1343628
21808 310.8726279
21808 326.8296286
21808 303.4533389
21808 303.2837594
21808 314.1565749
21808 286.0744933
21808 336.2829886
21808 84.6652491
21808 298.5062433
21808 318.2688783
21808 283.9989308
21808 276.1779949
21808 268.3605479
21808 308.1557402
21808 314.8523413
21808 281.1880956
21808 283.6244227
21808 279.1558357
21808 303.3478937
21808 306.5484665
21808 317.5637500
21808 297.5138847
21808 320.1894564
21808 300.5904283
21808 298.6732599
21808 287.3377753
21808 276.2615078
21808 310.8951075
21808 302.3102592
21808 308.2206226
21808 298.1307199
21808 314.9517349
21808 290.2211362
21808 285.3450931
21808 326.9879419
21808 316.5256369
21808 313.9047312
21808 306.2400126
21808 314.4228298
21808 155.4034338
21808 75.6715771
