19127 170.2540829
19127 176.9876020
19127 194.7791563
19127 178.3193893
19127 151.6709117
19127 151.9567074
19127 185.8696238
19127 167.1965084
19127 268.5044933
19127 211.7303192
19127 340.5005592
19127 437.3086655
19127 321.0807204
19127 313.6722730
19127 304.7857684
19127 294.6084911
19127 326.3323790
19127 210.0948960
19127 151.9541144
19127 286.9600667
19127 338.9025184
19127 350.9108503
19127 361.3627123
19127 254.7149015
19127 295.2491240
19127 289.8473768
19127 358.8835836
19127 353.0951968
19127 474.5837971
19127 393.3730104
19127 393.9883139
19127 307.1210060
19127 369.7493890
19127 398.4428421
19127 342.4934153
19127 335.7305909
19127 347.8614230
19127 360.8188042
19127 427.5164626
19127 286.6716122
19127 312.8920850
19127 328.0057432
19127 305.5748822
19127 325.5990705
19127 308.2709042
19127 349.0078510
19127 302.6603911
19127 345.8032049
19127 316.2148257
19127 258.1702005
19127 294.0250047
19127 378.0543962
19127 352.6539211
19127 292.3667929
19127 307.1487264
19127 396.9260072
19127 358.6338939
19127 275.0886637
19127 459.9636595
19127 379.6693205
19127 259.1651372
19127 396.3778431
19127 416.9025985
19127 365.9559603
19127 358.1619629
19127 327.1697607
19127 418.0237582
19127 299.4670336
19127 392.8610380
19127 380.6467564
19127 306.8028132
19127 323.7385541
19127 139.3353598
19127 74.3210046
