21574 167.4992554
21574 177.8199098
21574 191.9226141
21574 177.8132787
21574 152.9109666
21574 149.0296148
21574 187.3603782
21574 173.5484654
21574 295.6768545
21574 309.8600398
21574 279.0283493
21574 282.5029745
21574 289.8231681
21574 277.6611618
21574 283.6799328
21574 271.3164426
21574 285.2294776
21574 274.3489430
21574 316.9073485
21574 283.0377968
21574 312.8371784
21574 291.1454729
21574 281.1300349
21574 272.8346761
21574 333.5248131
21574 289.5337190
21574 309.2537199
21574 315.4575819
21574 311.0506914
21574 321.7186668
21574 320.8167951
21574 311.1739962
21574 323.3068616
21574 311.6587949
21574 326.1726997
21574 301.9271036
21574 299.7154394
21574 314.5144355
21574 288.9514319
21574 328.7851200
21574 84.9113101
21574 294.6498668
21574 306.4593438
21574 281.8160379
21574 272.8809560
21574 269.0864651
21574 305.0078478
21574 312.6961518
21574 282.4094768
21574 279.7679226
21574 283.6184243
21574 303.6243557
21574 306.5605916
21574 314.2476089
21574 302.7928106
21574 316.9791124
21574 299.1030247
21574 288.7442948
21574 336.5920286
21574 308.2797987
21574 299.9819432
21574 310.6294888
21574 309.3766551
21574 297.7653137
21574 313.1690103
21574 289.0283981
21574 278.0004700
21574 321.5372648
21574 317.2068480
21574 304.6373559
21574 325.2971183
21574 296.3824820
21574 153.0413696
21574 74.9778768
