18041 173.286
18041 178.092
18041 185.715
18041 185.313
18041 140.17
18041 140.406
18041 176.285
18041 156.272
18041 291.408
18041 297.924
18041 316.86
18041 342.559
18041 299.841
18041 289.494
18041 282.104
18041 282.154
18041 302.145
18041 242.422
18041 249.641
18041 282.526
18041 319.433
18041 320.73
18041 304.015
18041 258.835
18041 321.041
18041 274.015
18041 312.545
18041 337.849
18041 361.506
18041 347.702
18041 334.39
18041 315.72
18041 337.514
18041 354.281
18041 323.874
18041 289.137
18041 309.343
18041 331.048
18041 345.627
18041 314.494
18041 279.852
18041 292.827
18041 335.124
18041 284.789
18041 258.686
18041 266.076
18041 277.942
18041 315.843
18041 304.179
18041 255.718
18041 275.987
18041 305.356
18041 323.378
18041 314.187
18041 292.295
18041 321.238
18041 288.518
18041 306.697
18041 355.053
18041 264.263
18041 273.279
18041 277.766
18041 307.521
18041 287.003
18041 335.32
18041 286.704
18041 270.396
18041 362.845
18041 333.008
18041 309.639
18041 342.134
18041 319.362
18041 132.116
18041 74.2184
