17058 167.406
17058 175.586
17058 206.743
17058 175.877
17058 143.627
17058 143.832
17058 180.193
17058 161.061
17058 284.181
17058 313.402
17058 289.177
17058 298.04
17058 285.088
17058 272.577
17058 272.552
17058 271.811
17058 278.392
17058 257.32
17058 279.611
17058 264.751
17058 303.025
17058 293.385
17058 283.582
17058 262.201
17058 326.338
17058 260.379
17058 284.196
17058 315.48
17058 312.603
17058 314.092
17058 312.104
17058 300.072
17058 303.026
17058 312.777
17058 303.854
17058 275.374
17058 298.652
17058 312.293
17058 313.345
17058 326.833
17058 276.023
17058 285.261
17058 308.069
17058 269.869
17058 266.342
17058 247.675
17058 273.345
17058 296.935
17058 278.74
17058 259.282
17058 260.712
17058 294.929
17058 295.095
17058 302.435
17058 289.032
17058 318.093
17058 295.599
17058 288.171
17058 322.123
17058 272.707
17058 286.198
17058 281.251
17058 283.831
17058 262.577
17058 290.563
17058 264.212
17058 256.342
17058 330.743
17058 316.768
17058 288.648
17058 334.08
17058 307.645
