17725 171.097
17725 177.129
17725 188.116
17725 182.175
17725 147.702
17725 144.601
17725 180.172
17725 165.777
17725 291.75
17725 302.073
17725 300.059
17725 317.032
17725 287.988
17725 277.59
17725 272.134
17725 273.036
17725 288.593
17725 239.758
17725 250.776
17725 272.18
17725 308.83
17725 311.381
17725 295.532
17725 258.271
17725 321.949
17725 267.33
17725 302.774
17725 325.969
17725 334.728
17725 327.871
17725 314.163
17725 305.334
17725 315.304
17725 335.008
17725 309.227
17725 276.441
17725 295.909
17725 318.97
17725 329.92
17725 318.605
17725 269.29
17725 284.98
17725 327.101
17725 271.665
17725 246.831
17725 248.452
17725 271.366
17725 307.924
17725 292.085
17725 250.019
17725 262.748
17725 288.182
17725 301.405
17725 307.378
17725 286.47
17725 305.234
17725 277.929
17725 306.67
17725 334.127
17725 252.496
17725 262.338
17725 255.282
17725 283.095
17725 267.832
17725 320.801
17725 272.791
17725 244.839
17725 353.285
17725 320.539
17725 292.255
17725 342.149
17725 335.288
