21088 166.6390545
21088 179.1591996
21088 178.1836049
21088 177.1265602
21088 150.3847237
21088 145.4906554
21088 184.9141095
21088 170.6637110
21088 290.2251226
21088 229.4194301
21088 368.2468210
21088 393.1893930
21088 305.5900509
21088 309.0524054
21088 326.3132490
21088 300.3952486
21088 328.2465783
21088 112.0607330
21088 225.0795662
21088 324.6381584
21088 332.1403320
21088 346.5884695
21088 356.1143152
21088 291.8025896
21088 303.6803867
21088 341.6305242
21088 383.4018963
21088 340.9981454
21088 440.6779110
21088 351.6798667
21088 381.8082004
21088 314.9753880
21088 361.9881524
21088 381.9810851
21088 357.6244965
21088 373.0217550
21088 369.4139159
21088 380.5727575
21088 418.7744177
21088 303.5873829
21088 83.6537423
21088 295.6598811
21088 308.7503411
21088 289.4072587
21088 301.9458831
21088 300.1759586
21088 284.2146777
21088 332.3367357
21088 324.4207637
21088 243.4368046
21088 294.5265032
21088 307.9943151
21088 304.1496275
21088 318.9790807
21088 300.5146154
21088 354.9899950
21088 339.8948598
21088 289.9171675
21088 356.9185323
21088 267.1418036
21088 276.8383254
21088 345.0087819
21088 307.8025757
21088 289.6236647
21088 319.0701757
21088 293.7099404
21088 310.7301608
21088 319.3347531
21088 359.5968183
21088 319.3281608
21088 312.1552869
21088 296.0391217
21088 157.3455450
21088 75.0826851
