21966 170.7038645
21966 179.1240945
21966 218.4464683
21966 180.2807235
21966 144.4618229
21966 144.9791035
21966 176.4482057
21966 165.4189814
21966 295.6773889
21966 316.9187025
21966 282.6375703
21966 287.6399444
21966 294.5836148
21966 289.7512837
21966 286.8097987
21966 277.0155963
21966 290.4052849
21966 280.9346689
21966 324.3858102
21966 285.1777547
21966 317.0170630
21966 295.8908490
21966 282.5169057
21966 276.2619191
21966 332.6822187
21966 285.7576004
21966 306.5888023
21966 322.0211311
21966 306.5089175
21966 327.1274419
21966 318.7371677
21966 316.6687047
21966 332.9775796
21966 308.9757268
21966 326.2725061
21966 298.0895079
21966 303.8161768
21966 313.3572575
21966 281.4454764
21966 339.9992778
21966 84.5332208
21966 297.5230961
21966 321.3597493
21966 278.7320826
21966 275.7310422
21966 260.2434672
21966 307.1844827
21966 316.8109115
21966 283.6986828
21966 283.7088687
21966 283.7108557
21966 302.4270324
21966 317.4990247
21966 320.9432939
21966 294.4948763
21966 313.8464886
21966 297.9433851
21966 300.7562976
21966 281.5004614
21966 273.1113819
21966 312.6612414
21966 295.9420069
21966 301.9504016
21966 292.8158385
21966 315.0881304
21966 284.5197499
21966 276.9995384
21966 331.6422111
21966 311.9187615
21966 304.8114108
21966 313.4596582
21966 327.3508881
21966 147.8506409
21966 75.5805550
