20911 170.6819915
20911 177.8203578
20911 226.2682452
20911 172.0614445
20911 147.8049472
20911 149.9283051
20911 181.2211916
20911 172.0061594
20911 309.3735495
20911 339.2423305
20911 289.8974663
20911 282.7701255
20911 291.3662664
20911 294.1260539
20911 313.7677500
20911 292.9117151
20911 318.5629815
20911 154.5828511
20911 341.2652986
20911 325.4471967
20911 323.6555478
20911 303.9066729
20911 286.1128335
20911 302.9806486
20911 304.5582614
20911 319.8172687
20911 337.4249371
20911 322.1212931
20911 316.9742049
20911 304.9030404
20911 316.4523290
20911 327.0049514
20911 339.8436846
20911 339.1622649
20911 332.9909104
20911 312.4401111
20911 332.6376086
20911 346.6759077
20911 315.2258338
20911 342.5846194
20911 92.4440164
20911 275.1800891
20911 334.5677852
20911 291.2759619
20911 301.0265041
20911 282.3487321
20911 285.1904762
20911 330.8166684
20911 319.6227311
20911 255.9468521
20911 281.1330896
20911 290.7242490
20911 309.6675288
20911 324.6018493
20911 306.6118168
20911 338.7863688
20911 324.0037077
20911 310.3919967
20911 291.2228727
20911 244.0296030
20911 261.3043616
20911 313.5390886
20911 286.9301883
20911 292.7157425
20911 321.2029778
20911 293.1694691
20911 261.2026690
20911 344.6222645
20911 343.6052360
20911 301.5172180
20911 299.7821095
20911 370.0011072
20911 133.6459857
20911 83.5215960
