19594 166.228
19594 177.444
19594 181.937
19594 173.607
19594 148.323
19594 144.159
19594 181.76
19594 165.276
19594 314.46
19594 329.611
19594 299.509
19594 294.457
19594 292.378
19594 296.378
19594 314.782
19594 291.193
19594 318.102
19594 149.548
19594 334.26
19594 326.646
19594 325.25
19594 310.344
19594 292.207
19594 303.037
19594 309.582
19594 327.585
19594 348.535
19594 326.74
19594 334.993
19594 315.585
19594 326.687
19594 325.606
19594 343.508
19594 347.07
19594 337.465
19594 324.699
19594 337.378
19594 353.715
19594 327.339
19594 337.438
19594 91.0129
19594 282.589
19594 335.772
19594 295.906
19594 303.895
19594 287.268
19594 293.277
19594 335.952
19594 319.96
19594 257.142
19594 285.322
19594 296.343
19594 313.262
19594 326.825
19594 310.455
19594 347.804
19594 334.309
19594 311.162
19594 300.568
19594 241.447
19594 271.592
19594 322.65
19594 293.59
19594 300.339
19594 326.737
19594 297.452
19594 275.858
19594 345.681
19594 350.741
19594 308.191
19594 297.571
19594 360.682
