21679 167.6705041
21679 177.1045752
21679 223.3438825
21679 178.4330727
21679 147.8890920
21679 148.3915547
21679 180.4944220
21679 167.4177249
21679 295.3329803
21679 324.1857773
21679 284.7593416
21679 285.1966003
21679 295.9574113
21679 287.1660768
21679 288.7877220
21679 276.9264830
21679 286.4363816
21679 283.9495903
21679 323.0225369
21679 284.2219617
21679 318.1411994
21679 293.8266576
21679 282.7135698
21679 277.9806819
21679 332.7193350
21679 284.1307841
21679 301.3945277
21679 318.2448101
21679 307.9942159
21679 327.0598000
21679 317.7271329
21679 319.7583439
21679 327.5568274
21679 308.1631601
21679 326.6269676
21679 298.8103532
21679 302.4529469
21679 312.1461823
21679 281.0815336
21679 339.4044869
21679 84.7367048
21679 297.1258841
21679 325.4845836
21679 278.3174541
21679 270.8844723
21679 251.0569885
21679 303.6766946
21679 315.2207189
21679 279.2112858
21679 282.3554397
21679 278.1431279
21679 294.4796629
21679 309.8561762
21679 321.6309846
21679 296.7084954
21679 308.0887902
21679 289.1368936
21679 305.2466733
21679 273.5826934
21679 265.8929772
21679 312.3922194
21679 286.4432186
21679 297.4073367
21679 287.6424463
21679 314.0004408
21679 284.3992455
21679 262.8274493
21679 339.3331811
21679 307.8490962
21679 300.7207711
21679 318.5784030
21679 343.1234021
21679 139.0878142
21679 75.5723902
