21414 166.4325253
21414 176.7880973
21414 181.6921512
21414 173.4514732
21414 151.3345220
21414 146.9938094
21414 185.1697430
21414 171.4355620
21414 292.4233050
21414 308.1342921
21414 277.6262527
21414 286.4181998
21414 291.3397708
21414 275.0455013
21414 283.4517921
21414 271.8135761
21414 284.6622192
21414 276.1063881
21414 315.5897754
21414 285.0105347
21414 311.6686659
21414 294.2358541
21414 282.8615586
21414 276.4453582
21414 332.1738259
21414 291.1155759
21414 310.1156293
21414 319.4929831
21414 315.0346838
21414 321.0146891
21414 323.4320129
21414 316.8460234
21414 323.9457555
21414 315.3763105
21414 327.0631595
21414 303.7909596
21414 300.0092485
21414 318.0611336
21414 291.0367143
21414 326.6192673
21414 84.5632208
21414 296.7952686
21414 307.7959315
21414 277.2844318
21414 272.6839487
21414 266.3256677
21414 304.7350669
21414 314.1422381
21414 282.1236347
21414 283.3055274
21414 281.3344905
21414 302.1169259
21414 305.7405901
21414 318.8325793
21414 299.5535158
21414 318.1038062
21414 299.6647674
21414 285.5403340
21414 326.4566682
21414 306.4623610
21414 299.4410637
21414 309.1284210
21414 305.1014376
21414 290.9650862
21414 311.5647442
21414 286.8891052
21414 274.3652981
21414 320.0955342
21414 318.2737716
21414 304.7262876
21414 322.6013393
21414 301.5819092
21414 155.2456292
21414 74.7927966
