21286 165.7929825
21286 176.7587920
21286 185.4664283
21286 177.2203289
21286 149.7057650
21286 144.8013530
21286 183.4598704
21286 170.1618642
21286 289.6247243
21286 227.0347345
21286 371.3391602
21286 394.4068717
21286 307.2919746
21286 310.6963617
21286 327.9047442
21286 296.8125467
21286 328.2848923
21286 104.9121488
21286 212.7968033
21286 322.8238870
21286 332.7674346
21286 347.0308956
21286 354.8731396
21286 299.9428081
21286 301.5104665
21286 343.4212906
21286 384.9228197
21286 342.5762129
21286 441.1426768
21286 349.7895285
21286 389.5201125
21286 314.7210424
21286 362.9726358
21286 384.0782630
21286 361.3096509
21286 374.4599289
21286 369.8288937
21286 380.4667397
21286 418.2903561
21286 295.9837566
21286 83.3114784
21286 292.7234782
21286 306.9706524
21286 291.7917117
21286 301.6943987
21286 299.5241837
21286 283.1197142
21286 322.5396218
21286 318.9678577
21286 258.8749019
21286 293.6033816
21286 301.9733701
21286 303.5055345
21286 316.9848468
21286 300.3421463
21286 350.8706935
21286 333.7589952
21286 292.0017356
21286 360.2126936
21286 263.4234757
21286 274.4467969
21286 334.9498722
21286 306.3513548
21286 292.8578363
21286 315.8774562
21286 290.2735801
21286 306.9192356
21286 321.9587169
21286 348.1801218
21286 318.3762871
21286 309.2789309
21286 282.1096771
21286 148.5043111
21286 75.1638699
