19135 171.1307759
19135 177.1652415
19135 199.8934161
19135 179.2249160
19135 152.3204161
19135 152.6151289
19135 186.0415020
19135 167.3097383
19135 269.1290307
19135 215.5690168
19135 334.2102981
19135 433.6200123
19135 318.8584782
19135 314.4596418
19135 305.3902679
19135 293.7524849
19135 324.0908667
19135 211.3902506
19135 156.5628825
19135 288.0704823
19135 337.6407534
19135 349.0561406
19135 360.3338503
19135 255.5804948
19135 299.5692035
19135 292.9954904
19135 354.9228858
19135 355.9357655
19135 467.9798405
19135 389.7349970
19135 391.5801544
19135 307.0165816
19135 368.6501308
19135 397.5698055
19135 344.0812857
19135 330.5344682
19135 344.7974107
19135 356.7887572
19135 421.9520357
19135 286.5463351
19135 313.6382194
19135 330.0892267
19135 307.1394526
19135 325.1066083
19135 309.6703258
19135 350.4457706
19135 303.3726646
19135 346.4883188
19135 318.6404524
19135 257.1015775
19135 296.4496227
19135 379.1737621
19135 353.5628492
19135 292.3053931
19135 308.1149243
19135 397.7897026
19135 356.2678228
19135 275.6551555
19135 457.4417126
19135 378.3951589
19135 256.3448577
19135 397.3114326
19135 416.5050586
19135 366.1897285
19135 355.4018787
19135 326.9703124
19135 419.2518023
19135 302.4823758
19135 392.6652773
19135 381.6204848
19135 305.9436093
19135 322.9093647
19135 136.7603935
19135 74.2799390
