19097 172.3126871
19097 177.6243294
19097 184.8654541
19097 180.0514435
19097 153.7604243
19097 153.3807530
19097 187.1503344
19097 167.7682625
19097 269.9811410
19097 213.6534709
19097 334.6842604
19097 436.5229592
19097 318.7596221
19097 311.0224203
19097 301.4502484
19097 293.6489181
19097 327.1489969
19097 210.6263129
19097 155.7115031
19097 285.2989622
19097 335.0732658
19097 347.3799921
19097 359.2296428
19097 253.9864837
19097 297.2668672
19097 293.7711691
19097 358.0335594
19097 354.6803377
19097 472.0981180
19097 388.6526297
19097 390.4987695
19097 308.3973559
19097 366.4417548
19097 397.3032745
19097 340.5766155
19097 332.2833834
19097 341.5414767
19097 358.9498218
19097 425.3147497
19097 283.9723116
19097 312.0617903
19097 325.7008523
19097 303.0769141
19097 321.3028904
19097 305.7841018
19097 347.5276130
19097 299.2028652
19097 340.7881444
19097 316.2628170
19097 255.0541172
19097 290.4698484
19097 376.1125890
19097 349.1822410
19097 292.9073984
19097 303.9409960
19097 397.7422595
19097 357.0436444
19097 275.9061274
19097 457.5339001
19097 378.3453150
19097 254.3666680
19097 395.2569017
19097 414.9449337
19097 362.2561757
19097 356.5992853
19097 326.1889607
19097 417.2695607
19097 310.8480305
19097 391.1217742
19097 380.5752838
19097 302.7002972
19097 322.1927411
19097 144.7419142
19097 74.4042551
