21316 166.2268718
21316 176.8797900
21316 173.6937121
21316 176.3522997
21316 150.6499167
21316 145.2219287
21316 184.4659454
21316 170.6553794
21316 290.7183183
21316 224.8187895
21316 363.8810045
21316 389.2311383
21316 305.8388997
21316 308.6225352
21316 324.8596396
21316 297.2506789
21316 323.7345269
21316 106.7190518
21316 216.7002660
21316 321.7436602
21316 331.9728582
21316 344.6332016
21316 349.2977833
21316 297.3841507
21316 302.9361272
21316 337.1850406
21316 382.8182033
21316 341.4575720
21316 441.3609503
21316 346.7384917
21316 383.6639987
21316 313.5775069
21316 364.4463903
21316 380.7879324
21316 358.0643428
21316 371.7414161
21316 367.5564657
21316 381.7276356
21316 415.8678951
21316 293.5371765
21316 83.4221416
21316 294.6837891
21316 307.5354974
21316 292.2926813
21316 296.7067753
21316 294.7737004
21316 277.6574754
21316 329.6901969
21316 316.7313394
21316 253.3815108
21316 292.3832731
21316 296.8433863
21316 301.0284064
21316 318.7127186
21316 295.6141383
21316 353.2637647
21316 334.9112529
21316 291.2729759
21316 354.1415042
21316 261.4407513
21316 275.0315897
21316 338.0405164
21316 305.1720599
21316 289.9586538
21316 315.1985319
21316 289.1550018
21316 308.7046010
21316 316.7457483
21316 351.0970973
21316 317.5080463
21316 308.6350210
21316 275.8684539
21316 157.4056514
21316 75.1317439
