21548 167.1975612
21548 177.6761151
21548 205.8393436
21548 178.2710050
21548 152.7779427
21548 150.4072453
21548 188.3811385
21548 175.2034923
21548 295.2669945
21548 312.4468513
21548 284.0920844
21548 282.5305705
21548 294.9299369
21548 283.5273201
21548 286.1762465
21548 273.6599190
21548 286.1373780
21548 278.4122554
21548 319.2753653
21548 289.0526461
21548 314.5474729
21548 293.2793063
21548 281.0873208
21548 276.2851807
21548 333.4387004
21548 290.0744422
21548 306.7060795
21548 321.1129571
21548 309.1410353
21548 324.0053227
21548 319.5051214
21548 315.0537258
21548 327.2421364
21548 313.2689923
21548 326.9441511
21548 298.9656474
21548 302.7985331
21548 316.6842585
21548 285.1396873
21548 331.6303448
21548 85.0138724
21548 295.9092101
21548 312.1865687
21548 277.7102661
21548 272.8456763
21548 263.3306429
21548 304.0735200
21548 318.4166093
21548 285.2720682
21548 282.5579869
21548 283.4168222
21548 302.1597143
21548 308.4203223
21548 319.5560278
21548 302.1582995
21548 314.1530366
21548 298.6438356
21548 295.5642797
21548 330.2515721
21548 305.3374622
21548 305.2607014
21548 308.8375119
21548 307.4109661
21548 290.1206277
21548 314.9542079
21548 289.8901780
21548 277.0288396
21548 325.8445047
21548 315.0804336
21548 300.4121107
21548 325.1789226
21548 306.6377191
21548 145.2655917
21548 74.8356962
