17728 172.678
17728 178.393
17728 197.099
17728 184.759
17728 151.222
17728 147.386
17728 184.897
17728 170.306
17728 293.798
17728 294.847
17728 318.851
17728 344.351
17728 302.354
17728 292.327
17728 286.269
17728 286.748
17728 303.544
17728 244.766
17728 247.022
17728 282.767
17728 321.328
17728 322.777
17728 306.921
17728 260.573
17728 328.45
17728 277.766
17728 329.047
17728 352.711
17728 368.666
17728 358.889
17728 351.896
17728 333.464
17728 348.291
17728 366.058
17728 340.415
17728 305.547
17728 323.634
17728 342.755
17728 359.663
17728 331.325
17728 278.601
17728 293.93
17728 334.669
17728 286.394
17728 262.668
17728 269.52
17728 290.219
17728 329.166
17728 309.889
17728 263.709
17728 278.608
17728 310.015
17728 319.095
17728 314.225
17728 292.784
17728 319.283
17728 292.236
17728 308.216
17728 356.56
17728 269.131
17728 271.82
17728 282.517
17728 310.255
17728 290.008
17728 340.746
17728 290.723
17728 273.878
17728 364.291
17728 337.938
17728 311.007
17728 345.202
17728 318.667
