22223 172.1194039
22223 179.2263557
22223 213.1047909
22223 180.0700998
22223 148.5659353
22223 148.6830523
22223 173.1290356
22223 163.8904571
22223 294.7224517
22223 315.4736077
22223 275.1647839
22223 278.1268057
22223 293.8778233
22223 285.9778297
22223 287.1264227
22223 274.8487887
22223 288.5505270
22223 288.2013500
22223 337.0298257
22223 283.8477481
22223 314.9780703
22223 291.7372790
22223 279.5209440
22223 276.0837239
22223 332.3292786
22223 283.6926391
22223 299.2350730
22223 319.9717742
22223 298.5960199
22223 323.6096467
22223 315.2426543
22223 319.4021093
22223 329.8546747
22223 304.4141764
22223 325.7600726
22223 292.3850918
22223 302.6641174
22223 314.4030224
22223 276.2034819
22223 339.1244374
22223 84.7010997
22223 292.7662738
22223 327.3833328
22223 278.3716028
22223 270.3548438
22223 256.6452151
22223 303.7976063
22223 311.8028338
22223 282.1104774
22223 286.2639859
22223 285.3673176
22223 292.4124679
22223 304.3140770
22223 322.7922602
22223 296.8268083
22223 308.5938099
22223 289.4229988
22223 302.6958592
22223 273.5587004
22223 266.5498533
22223 316.1976712
22223 283.6948088
22223 291.4891969
22223 287.7866102
22223 310.2234018
22223 285.1055146
22223 262.1207172
22223 335.5913394
22223 309.5625243
22223 301.7537114
22223 317.9565102
22223 340.8358135
22223 149.6882662
22223 75.6947717
