17141 167.0091059
17141 176.3197112
17141 189.0733650
17141 175.6893287
17141 145.7584964
17141 149.0725837
17141 182.5588910
17141 166.5894513
17141 279.8832269
17141 292.6139678
17141 305.1060407
17141 320.1882881
17141 291.9602928
17141 283.9044932
17141 281.1600860
17141 281.0472670
17141 292.2590917
17141 253.8259966
17141 242.9737205
17141 274.1782985
17141 314.3170914
17141 300.6149083
17141 294.4976578
17141 257.7662755
17141 318.3762798
17141 258.1987637
17141 297.6694126
17141 325.6732771
17141 346.6293703
17141 334.4090521
17141 324.3141800
17141 306.7760766
17141 320.2528888
17141 332.8912256
17141 315.2575061
17141 284.8144640
17141 310.9114343
17141 321.7655447
17141 333.2339501
17141 315.4228017
17141 276.1865382
17141 283.4560202
17141 309.4516558
17141 273.4299096
17141 274.7520592
17141 254.4568964
17141 281.8625090
17141 310.2229615
17141 290.8616486
17141 277.9904974
17141 273.5897982
17141 306.7401594
17141 304.0846978
17141 308.6405711
17141 286.4487995
17141 311.6236088
17141 289.0131151
17141 285.8232617
17141 330.8141636
17141 278.2411456
17141 293.0607823
17141 298.0129040
17141 296.0939240
17141 277.8867506
17141 316.7938659
17141 272.6439975
17141 266.0587111
17141 342.9106103
17141 323.5250518
17141 295.5306520
17141 329.9376895
17141 304.9811685
17141 128.2502119
17141 74.2915859
