21709 167.2467630
21709 177.7556222
21709 199.6313523
21709 180.5412825
21709 148.3959626
21709 148.1814450
21709 179.0462762
21709 167.2359039
21709 293.9666300
21709 320.0538701
21709 276.0066011
21709 280.3618388
21709 288.5289469
21709 280.9401327
21709 284.3756490
21709 273.9350612
21709 282.9286056
21709 285.7931112
21709 331.7947798
21709 283.9603818
21709 316.5301595
21709 290.6319889
21709 278.8788692
21709 275.0199537
21709 327.3379856
21709 283.8520405
21709 299.9684378
21709 318.8321023
21709 297.9052677
21709 324.8020947
21709 313.4484634
21709 320.7873155
21709 320.5294320
21709 303.0074066
21709 324.4857846
21709 292.6394951
21709 299.9672165
21709 310.6097773
21709 273.0005640
21709 338.9063382
21709 84.5523801
21709 293.5931478
21709 321.7109490
21709 276.7768312
21709 273.0377142
21709 251.9532627
21709 297.8779282
21709 311.1423046
21709 278.8966644
21709 278.8191317
21709 277.8505947
21709 293.7247006
21709 311.3935618
21709 321.6646682
21709 294.8863750
21709 306.3254330
21709 284.5665343
21709 303.2966208
21709 268.9860569
21709 262.5511969
21709 314.4272806
21709 283.7590342
21709 286.7559976
21709 282.5349069
21709 312.4170962
21709 287.7249627
21709 265.4620530
21709 337.1354032
21709 307.2462204
21709 298.3711611
21709 315.7328713
21709 340.9932394
21709 144.7176674
21709 75.7052106
