20635 172.6535981
20635 176.0329810
20635 182.7448550
20635 172.1581910
20635 145.5840753
20635 154.8826205
20635 197.8871867
20635 174.9316045
20635 313.9257543
20635 313.2631758
20635 291.5634276
20635 307.3475163
20635 286.3776959
20635 283.1006255
20635 304.3261325
20635 286.3820873
20635 306.9524818
20635 182.7542184
20635 332.6293048
20635 305.1847324
20635 323.4282967
20635 300.6264148
20635 291.7651506
20635 300.8080675
20635 303.9049208
20635 319.3440846
20635 346.2226955
20635 322.8470029
20635 345.0396737
20635 310.1284771
20635 331.4768429
20635 315.2918024
20635 342.3495282
20635 334.4406700
20635 330.7104631
20635 329.6576561
20635 343.1024624
20635 345.8144675
20635 339.8758941
20635 323.8262258
20635 89.7790210
20635 292.1895241
20635 319.2886934
20635 289.4076582
20635 277.4284808
20635 281.4591195
20635 315.3269962
20635 322.4343931
20635 316.7755164
20635 257.6611436
20635 291.1809938
20635 294.5873020
20635 299.8010425
20635 328.9890371
20635 306.7142580
20635 327.6319792
20635 316.8310800
20635 298.0027347
20635 285.8851384
20635 281.4310271
20635 276.5048693
20635 321.9357094
20635 287.5532559
20635 293.2349381
20635 310.1846394
20635 290.1764617
20635 284.2466731
20635 340.3099369
20635 350.0565349
20635 309.6707163
20635 325.4667061
20635 338.2910548
20635 143.0514471
20635 77.3609358
