21728 167.7600441
21728 177.2103638
21728 204.7516285
21728 177.6592481
21728 148.1703698
21728 147.9395613
21728 180.1943569
21728 168.4152846
21728 291.7459768
21728 317.7196244
21728 281.8820585
21728 287.9007703
21728 292.5482498
21728 282.7714220
21728 287.8551398
21728 277.3931936
21728 286.6544734
21728 281.8440573
21728 322.8287657
21728 286.6314177
21728 318.0059043
21728 294.7487043
21728 283.2267823
21728 275.5523681
21728 332.1738464
21728 285.9260632
21728 306.9364425
21728 320.2632711
21728 305.6318273
21728 325.0637364
21728 318.5126249
21728 317.1518245
21728 325.6844169
21728 308.2015599
21728 324.5753426
21728 299.5805455
21728 301.7128812
21728 311.8720009
21728 282.0090371
21728 336.7387683
21728 84.8127864
21728 296.9079963
21728 321.6730629
21728 280.6861967
21728 275.1191908
21728 260.8655521
21728 304.7387809
21728 316.9806547
21728 280.3579878
21728 282.4349046
21728 279.5097376
21728 298.7628618
21728 315.1138375
21728 319.2977745
21728 297.3925965
21728 313.1025807
21728 292.6019029
21728 301.6509280
21728 278.0366905
21728 268.7456346
21728 311.7555489
21728 291.9556057
21728 301.5950633
21728 292.2269444
21728 312.3961605
21728 290.1300327
21728 274.4718357
21728 332.3095608
21728 312.1967062
21728 305.2774489
21728 311.9985014
21728 329.8486793
21728 147.3916355
21728 75.5795427
