21205 166.5654588
21205 177.0460004
21205 178.2512486
21205 175.0079133
21205 151.6422643
21205 146.5183865
21205 186.6503343
21205 171.2631476
21205 283.0338108
21205 225.5033158
21205 371.1367748
21205 396.5897669
21205 303.2980501
21205 309.4398888
21205 329.3915706
21205 298.5502139
21205 326.0061135
21205 104.9823641
21205 216.1531718
21205 321.6602791
21205 330.2582870
21205 346.5998139
21205 354.3352967
21205 300.4907857
21205 303.1526864
21205 341.3239416
21205 382.5225648
21205 344.5474730
21205 443.2333263
21205 350.9376031
21205 386.6620369
21205 318.7215736
21205 364.2909603
21205 385.0421398
21205 360.3442263
21205 372.8115317
21205 369.4313513
21205 382.0106415
21205 420.1136128
21205 293.7595978
21205 83.3762816
21205 293.5911454
21205 309.9715185
21205 293.4687152
21205 300.3825580
21205 298.9415885
21205 283.6611964
21205 332.4780249
21205 319.1759087
21205 260.2193434
21205 293.7624375
21205 297.9780147
21205 300.3723359
21205 319.5919574
21205 297.7204654
21205 350.0244266
21205 331.4479456
21205 288.7825861
21205 351.9760419
21205 262.8842584
21205 275.4298118
21205 337.6830835
21205 303.1079430
21205 289.9417985
21205 316.8250084
21205 290.2220771
21205 307.6777665
21205 322.1446465
21205 350.8391993
21205 317.0543289
21205 310.6568271
21205 280.3030226
21205 155.6497559
21205 74.7067415
