21683 166.7596204
21683 176.7630521
21683 222.3335788
21683 178.8856812
21683 146.3968275
21683 146.0062131
21683 178.2347322
21683 165.8240614
21683 294.6899214
21683 322.2996131
21683 281.5049146
21683 286.2536272
21683 296.6258285
21683 287.1068391
21683 288.0588967
21683 275.6762597
21683 285.8643991
21683 285.0868911
21683 324.3691860
21683 287.1891866
21683 316.0234870
21683 295.7195037
21683 284.3906541
21683 276.6551366
21683 331.2903315
21683 285.2919499
21683 301.9415366
21683 322.1979081
21683 307.3847169
21683 326.7709451
21683 317.1528838
21683 319.4451879
21683 327.8063088
21683 308.7176332
21683 323.6478108
21683 297.0912268
21683 302.8639907
21683 313.1431031
21683 280.4789922
21683 339.8798391
21683 84.5386749
21683 297.9952738
21683 324.8997120
21683 279.9921162
21683 270.8472882
21683 253.0924333
21683 301.1867351
21683 310.0584052
21683 278.8587702
21683 281.1604819
21683 277.7682136
21683 295.2137328
21683 313.0699610
21683 322.5191147
21683 295.6674231
21683 304.8290104
21683 285.8701527
21683 304.8593305
21683 270.8492068
21683 266.4454138
21683 313.4637951
21683 287.1151036
21683 291.0976141
21683 284.9899674
21683 311.0918453
21683 282.9601391
21683 259.9814874
21683 335.9462368
21683 307.8563765
21683 297.5723036
21683 318.8364112
21683 341.7783171
21683 138.8322850
21683 75.4512480
