17666 170.375
17666 176.484
17666 202.991
17666 180.528
17666 147.736
17666 144.492
17666 180.657
17666 166.949
17666 288.305
17666 304.187
17666 299.926
17666 315.346
17666 290.129
17666 278.26
17666 276.719
17666 275.007
17666 288.696
17666 243.822
17666 250.71
17666 271.409
17666 310.05
17666 310.588
17666 294.871
17666 263.795
17666 321.756
17666 267.444
17666 300.841
17666 326.675
17666 333.785
17666 327.888
17666 313.882
17666 307.553
17666 319.218
17666 334.73
17666 308.934
17666 276.232
17666 296.675
17666 319.734
17666 329.817
17666 320.995
17666 269.799
17666 286.064
17666 327.746
17666 273.662
17666 248.831
17666 248.656
17666 270.427
17666 311.79
17666 292.61
17666 249.784
17666 261.262
17666 291.163
17666 304.261
17666 310.012
17666 286.838
17666 305.605
17666 282.261
17666 307.396
17666 334.673
17666 252.338
17666 262.856
17666 257.037
17666 284.38
17666 268.161
17666 321.265
17666 273.078
17666 245.525
17666 355.996
17666 321.142
17666 292.305
17666 343.874
17666 337.72
