18046 172.905
18046 177.73
18046 182.521
18046 184.545
18046 139.205
18046 139.852
18046 176.352
18046 155.957
18046 291.909
18046 294.911
18046 318.014
18046 343.036
18046 299.398
18046 289.974
18046 281.866
18046 282.019
18046 302.096
18046 240.84
18046 248.665
18046 282.911
18046 319.814
18046 321.418
18046 305.037
18046 258.168
18046 321.45
18046 274.959
18046 312.718
18046 337.841
18046 363.483
18046 347.437
18046 337.442
18046 317.267
18046 339.34
18046 355.524
18046 322.958
18046 287.961
18046 307.804
18046 331.089
18046 348.6
18046 314.022
18046 280.531
18046 293.198
18046 334.168
18046 284.828
18046 259.318
18046 266.155
18046 278.992
18046 318.272
18046 303.397
18046 255.56
18046 276.311
18046 306.299
18046 317.497
18046 312.718
18046 293.147
18046 322.299
18046 289.744
18046 307.677
18046 355.322
18046 263.089
18046 265.961
18046 277.141
18046 305.907
18046 289.553
18046 339.113
18046 290.329
18046 272.95
18046 361.028
18046 333.587
18046 311.78
18046 341.832
18046 317.5
18046 133.715
18046 74.2752
