23147 185.4185193
23147 184.0941412
23147 205.4683039
23147 194.3370481
23147 149.2880825
23147 149.6150735
23147 172.1040514
23147 162.6598031
23147 296.9494878
23147 278.5094237
23147 290.3786296
23147 301.6332146
23147 294.9192773
23147 272.4092267
23147 286.1168651
23147 275.4471851
23147 272.7301568
23147 245.9393716
23147 279.4391731
23147 288.6619751
23147 306.8536394
23147 301.5709630
23147 291.7885623
23147 274.0153022
23147 324.8462212
23147 294.8893640
23147 324.5829971
23147 316.8896022
23147 340.3716676
23147 335.9175117
23147 327.0078499
23147 311.0412336
23147 336.5983009
23147 344.0339172
23147 325.9750998
23147 306.8456499
23147 324.6407448
23147 335.1499446
23147 319.1977898
23147 319.0893631
23147 83.6843724
23147 297.7785432
23147 281.9559461
23147 284.9531198
23147 274.6412568
23147 299.4604096
23147 305.8629581
23147 325.6142759
23147 285.7324668
23147 278.3312690
23147 273.9807863
23147 330.2222863
23147 323.4024275
23147 300.3066581
23147 300.9478472
23147 346.4536940
23147 334.1871802
23147 286.8183151
23147 367.0988212
23147 315.5878254
23147 282.6680751
23147 345.9989215
23147 352.8140860
23147 311.4852312
23147 314.4833412
23147 293.8117349
23147 328.7568885
23147 313.0934999
23147 337.8227471
23147 359.6309089
23147 314.4269059
23147 241.1646826
23147 159.0849402
23147 29.5131453
