19157 169.8165152
19157 176.8034077
19157 196.0301002
19157 177.5723154
19157 150.1035010
19157 149.7641532
19157 184.7938955
19157 164.6320565
19157 271.3204262
19157 235.0454446
19157 314.0162668
19157 417.6379701
19157 316.5164522
19157 305.4263366
19157 303.8434028
19157 292.0481969
19157 326.0221300
19157 218.8340622
19157 177.3961712
19157 284.2820110
19157 334.2078285
19157 343.4196066
19157 345.4643609
19157 256.6165376
19157 298.7035278
19157 287.9740324
19157 343.5111593
19157 349.3143481
19157 441.8600781
19157 380.1052774
19157 376.6007608
19157 310.6912256
19157 362.3981986
19157 384.1651374
19157 339.2367552
19157 318.3578288
19157 337.2057753
19157 351.7209719
19157 400.9074272
19157 293.5978856
19157 311.6582913
19157 326.5000093
19157 307.8847285
19157 323.1265746
19157 309.7135745
19157 347.4881579
19157 302.5220426
19157 344.0964687
19157 318.2627370
19157 252.7429681
19157 295.7984486
19157 375.2788577
19157 345.6171447
19157 294.4905430
19157 307.0831933
19157 394.7490978
19157 354.6479415
19157 278.0384704
19157 455.3893923
19157 377.5761945
19157 259.1865238
19157 394.4069153
19157 412.0962515
19157 363.5797837
19157 355.7409268
19157 328.3736114
19157 412.7408466
19157 316.5230044
19157 375.3044310
19157 377.1308397
19157 306.5903720
19157 339.5264105
19157 133.9650750
19157 74.3305567
