17025 168.315
17025 176.013
17025 202.992
17025 177.339
17025 144.751
17025 144.645
17025 180.599
17025 162.764
17025 282.678
17025 308.804
17025 291.648
17025 301.329
17025 283.697
17025 272.461
17025 271.579
17025 271.039
17025 278.077
17025 255.574
17025 273.486
17025 265.609
17025 303.021
17025 293.683
17025 286.621
17025 261.097
17025 326.373
17025 261.638
17025 286.464
17025 316.717
17025 316.19
17025 315.58
17025 312.163
17025 299.433
17025 302.686
17025 314.704
17025 303.815
17025 276.221
17025 299.084
17025 312.619
17025 318.185
17025 322.399
17025 278.022
17025 285.998
17025 304.258
17025 269.876
17025 265.628
17025 249.834
17025 271.161
17025 297.287
17025 277.447
17025 257.81
17025 260.085
17025 297.617
17025 294.998
17025 300.83
17025 289.016
17025 322.117
17025 298.475
17025 295.874
17025 325.475
17025 276.414
17025 284.327
17025 284.045
17025 287.139
17025 261.801
17025 286.542
17025 265.08
17025 262.765
17025 325.902
17025 318.083
17025 293.102
17025 324.164
17025 298.826
