18050 172.864
18050 177.788
18050 181.874
18050 184.492
18050 141.204
18050 141.188
18050 177.135
18050 157.258
18050 291.871
18050 296.123
18050 317.099
18050 344.72
18050 299.568
18050 289.11
18050 282.338
18050 281.022
18050 301.126
18050 240.331
18050 247.012
18050 283.042
18050 320.626
18050 321.26
18050 306.025
18050 258.866
18050 320.742
18050 276.007
18050 313.951
18050 337.323
18050 364.643
18050 345.179
18050 336.282
18050 317.653
18050 338.384
18050 356.94
18050 324.377
18050 289.304
18050 308.699
18050 330.265
18050 349.71
18050 313.181
18050 281.566
18050 293.04
18050 334.527
18050 284.639
18050 259.571
18050 268.417
18050 277.521
18050 316.553
18050 304.871
18050 256.561
18050 276.598
18050 306.368
18050 317.713
18050 312.891
18050 292.579
18050 322.594
18050 290.278
18050 308.863
18050 357.761
18050 264.847
18050 269.378
18050 280.624
18050 310.808
18050 288.85
18050 339.917
18050 289.856
18050 273.616
18050 357.05
18050 331.962
18050 313.12
18050 340.937
18050 314.135
18050 134.082
18050 74.1917
