19422 165.7824576
19422 174.9832474
19422 219.0602227
19422 176.5888885
19422 144.8111596
19422 144.0209364
19422 182.0527310
19422 165.7517446
19422 278.6883621
19422 257.9059150
19422 302.0970688
19422 406.6042336
19422 313.1990848
19422 303.4384017
19422 306.6376970
19422 291.6230579
19422 344.9332482
19422 230.0146821
19422 188.3645978
19422 286.5502154
19422 333.6854735
19422 341.3634056
19422 336.4350762
19422 253.0480963
19422 307.0711906
19422 278.9534416
19422 331.7854372
19422 348.7728962
19422 421.4234655
19422 369.3948804
19422 368.0328671
19422 309.8079391
19422 357.5532637
19422 371.3799818
19422 335.7753627
19422 312.4847500
19422 332.5343604
19422 344.1409141
19422 381.0901352
19422 296.7523464
19422 321.0050209
19422 329.8164153
19422 302.3073847
19422 329.7256015
19422 312.4963905
19422 351.8088881
19422 300.6645545
19422 346.0212443
19422 330.6414814
19422 256.7864757
19422 298.3050941
19422 380.8712247
19422 345.7916165
19422 293.8169633
19422 305.8644926
19422 396.5637411
19422 359.9097768
19422 272.6247753
19422 462.5313119
19422 374.0228380
19422 241.7389307
19422 397.4777100
19422 417.8739182
19422 360.0051232
19422 357.9067499
19422 330.2597848
19422 421.3641589
19422 296.7537065
19422 389.5115781
19422 400.3928686
19422 303.5565559
19422 328.3716531
19422 132.0967728
19422 74.5463382
