21374 166.5305488
21374 176.9794340
21374 172.9724352
21374 173.5786096
21374 151.3113418
21374 146.6854971
21374 186.0188839
21374 172.0077369
21374 285.2746958
21374 298.8551964
21374 284.4964936
21374 299.1009742
21374 288.8656302
21374 275.1351126
21374 283.1563328
21374 274.4763384
21374 283.0863493
21374 270.0194484
21374 304.7164836
21374 284.5405077
21374 309.1306829
21374 296.3898972
21374 288.4967084
21374 273.8024527
21374 330.3744129
21374 292.4541526
21374 314.9977156
21374 317.8773295
21374 327.1701468
21374 326.6318777
21374 329.9279640
21374 312.9563025
21374 326.9214283
21374 318.6634301
21374 329.0422420
21374 307.6382340
21374 305.3635840
21374 320.3384895
21374 297.4379377
21374 321.1272693
21374 84.2964834
21374 297.6398857
21374 306.2653353
21374 274.8648553
21374 271.1980198
21374 266.4624311
21374 307.4524459
21374 316.6977290
21374 279.0376606
21374 281.7828813
21374 282.6795912
21374 301.7973255
21374 303.6496013
21374 315.0671940
21374 298.0725570
21374 314.4964958
21374 300.2484549
21374 288.8771861
21374 329.7710057
21374 306.9419201
21374 295.9809780
21374 309.5916278
21374 307.8923665
21374 293.8888386
21374 310.7433249
21374 292.5238771
21374 277.6979362
21374 318.5464736
21374 319.0602581
21374 303.9169048
21374 325.1410906
21374 292.9057549
21374 159.6214719
21374 75.0439450
