21522 167.1452471
21522 177.4721040
21522 190.2950333
21522 176.7847665
21522 152.2084216
21522 148.8097417
21522 187.8145879
21522 173.9122854
21522 294.1236965
21522 315.4799633
21522 274.8882711
21522 277.3917091
21522 292.0586363
21522 277.8117573
21522 281.2100351
21522 271.4397690
21522 284.1025823
21522 277.4820601
21522 323.0014134
21522 285.6715705
21522 313.2374304
21522 289.5702095
21522 279.3308193
21522 274.3101944
21522 334.1999949
21522 289.4140148
21522 306.1640085
21522 319.3699877
21522 304.9399197
21522 321.6348387
21522 317.5194030
21522 314.6014054
21522 325.1777684
21522 311.0562517
21522 326.1919129
21522 296.8049702
21522 299.1656525
21522 317.7992138
21522 283.3901741
21522 332.1353668
21522 84.8567777
21522 295.4475778
21522 307.1382563
21522 276.1045275
21522 271.4850361
21522 263.4082269
21522 307.2488342
21522 314.2665561
21522 280.6383987
21522 281.2253767
21522 284.6149415
21522 300.7959083
21522 306.1284540
21522 315.8317357
21522 301.8889809
21522 315.5598451
21522 298.1858862
21522 293.1841315
21522 328.0030067
21522 304.4278244
21522 301.9927023
21522 307.4448307
21522 304.7114029
21522 290.1889398
21522 309.9648993
21522 288.7988767
21522 274.9808423
21522 322.3559518
21522 315.9433723
21522 300.5507084
21522 325.3410935
21522 306.6553488
21522 151.4618773
21522 74.7760738
