21994 172.1904850
21994 181.0402083
21994 198.9844988
21994 184.1832115
21994 149.5552966
21994 149.6391817
21994 178.1294939
21994 168.2020932
21994 297.6940661
21994 338.7714588
21994 258.4187518
21994 251.6084506
21994 283.6731331
21994 280.2117437
21994 277.9765356
21994 271.1854434
21994 284.7416622
21994 294.5617379
21994 355.3565054
21994 280.1002890
21994 312.9041179
21994 282.8704837
21994 262.1364978
21994 276.7371992
21994 330.7039067
21994 281.8137112
21994 287.7941824
21994 311.2334157
21994 269.7982834
21994 311.6152793
21994 298.7341058
21994 318.3641378
21994 322.5130327
21994 293.8000941
21994 317.2514376
21994 280.7019778
21994 289.5890479
21994 302.9043702
21994 255.8500857
21994 340.1430212
21994 84.5368636
21994 293.2730353
21994 321.0312541
21994 276.3494552
21994 270.6626060
21994 253.0529221
21994 305.2523527
21994 314.3331290
21994 275.4808967
21994 278.1638017
21994 279.6893970
21994 294.8184154
21994 300.6126140
21994 318.7827769
21994 290.8179191
21994 306.6372178
21994 284.6518405
21994 299.5000854
21994 270.0910705
21994 266.3688372
21994 311.8065668
21994 281.1392202
21994 289.8262617
21994 283.6353645
21994 308.3915319
21994 279.1388583
21994 260.7325036
21994 330.9980215
21994 305.8210363
21994 299.4754613
21994 314.0590102
21994 335.4196486
21994 152.4899228
21994 75.8563106
