20827 160.8314051
20827 166.1787199
20827 165.9860298
20827 162.0629571
20827 140.4817019
20827 145.4299337
20827 191.6276295
20827 169.8047745
20827 304.8479011
20827 268.5814818
20827 326.5914502
20827 344.3906356
20827 296.6803492
20827 301.4503993
20827 311.3240932
20827 293.2817393
20827 322.2130942
20827 133.2747583
20827 282.1504655
20827 326.7022560
20827 326.0831012
20827 323.6594542
20827 320.5977944
20827 293.2329182
20827 295.1890830
20827 337.7827001
20827 370.8147240
20827 333.3704098
20827 385.4952846
20827 356.7642110
20827 350.3008976
20827 316.3609200
20827 351.9254629
20827 367.8982076
20827 345.7571073
20827 347.7716577
20827 348.9219712
20827 372.8176529
20827 373.2138992
20827 313.2348464
20827 89.5330942
20827 329.4001846
20827 307.4220602
20827 318.9625829
20827 323.4313396
20827 332.2144578
20827 310.2311858
20827 354.6428079
20827 330.9574133
20827 262.8968074
20827 297.1476301
20827 328.4245278
20827 337.0001997
20827 315.9219188
20827 314.9907386
20827 401.6685589
20827 390.7425809
20827 294.8880906
20827 360.2922686
20827 302.4424936
20827 275.2653161
20827 398.1349452
20827 351.1130967
20827 342.8617107
20827 333.8838400
20827 330.4197625
20827 382.6679777
20827 311.1418157
20827 383.6911923
20827 378.4930354
20827 287.0380683
20827 234.9585840
20827 153.2964676
20827 18.0186232
