18052 172.635
18052 177.631
18052 181.207
18052 184.206
18052 140.737
18052 140.78
18052 176.996
18052 157.175
18052 291.373
18052 293.713
18052 316.59
18052 345.682
18052 299.04
18052 291.905
18052 283.363
18052 280.264
18052 296.521
18052 239.648
18052 246.943
18052 283.063
18052 320.667
18052 321.934
18052 306.175
18052 258.851
18052 320.001
18052 273.853
18052 310.58
18052 336.401
18052 365.624
18052 347.999
18052 338.177
18052 316.797
18052 338.889
18052 355.335
18052 323.06
18052 291.482
18052 310.781
18052 332.272
18052 350.099
18052 312.794
18052 281.323
18052 293.346
18052 333.427
18052 285.033
18052 259.848
18052 271.056
18052 281.935
18052 319.567
18052 302.443
18052 254.929
18052 277.11
18052 307.352
18052 316.998
18052 312.946
18052 292.559
18052 324.466
18052 291.188
18052 307.548
18052 359.979
18052 267.164
18052 272.574
18052 281.791
18052 311.068
18052 288.431
18052 338.46
18052 290.294
18052 275.161
18052 359.718
18052 332.424
18052 311.661
18052 337.917
18052 312.001
18052 133.631
18052 74.3639
