17655 170.577
17655 176.576
17655 201.093
17655 180.69
17655 147.579
17655 144.466
17655 180.501
17655 166.574
17655 288.66
17655 304.599
17655 299.714
17655 314.011
17655 287.839
17655 277.266
17655 276.235
17655 275.381
17655 287.991
17655 243.488
17655 251.314
17655 270.781
17655 309.446
17655 310.385
17655 294.639
17655 262.979
17655 322.624
17655 267.814
17655 300.249
17655 326.643
17655 333.422
17655 326.864
17655 313.713
17655 307.13
17655 319.022
17655 333.773
17655 308.125
17655 276.367
17655 296.771
17655 320.408
17655 328.83
17655 321.555
17655 267.501
17655 285.429
17655 328.265
17655 272.585
17655 247.951
17655 246.313
17655 269.577
17655 309.586
17655 292.739
17655 248.376
17655 260.382
17655 289.487
17655 301.949
17655 308.522
17655 286.097
17655 303.525
17655 280.893
17655 307.863
17655 332.295
17655 250.953
17655 263.313
17655 255.03
17655 281.891
17655 266.42
17655 321.045
17655 272.082
17655 242.177
17655 356.099
17655 319.068
17655 290.254
17655 344.692
17655 340.548
