21211 166.4396489
21211 176.9991030
21211 180.6429587
21211 174.9185678
21211 151.3290943
21211 146.3732286
21211 186.1403653
21211 171.2106160
21211 286.9911080
21211 221.8666209
21211 370.7940741
21211 396.1313801
21211 303.8409820
21211 312.7510769
21211 326.8124265
21211 298.4501769
21211 326.3231492
21211 106.2807488
21211 217.7837594
21211 322.1817846
21211 333.6145148
21211 347.9618869
21211 356.1214723
21211 300.7945987
21211 303.7425074
21211 342.0038418
21211 384.9167595
21211 343.3859331
21211 445.2982325
21211 350.4234549
21211 389.2157008
21211 316.3527790
21211 367.0744991
21211 387.1484586
21211 359.5623065
21211 373.5579158
21211 372.2696288
21211 379.9526964
21211 418.0657022
21211 293.2290520
21211 83.4933933
21211 293.4322804
21211 309.6449895
21211 292.8468766
21211 299.3254053
21211 300.0326885
21211 282.0821706
21211 331.9277143
21211 320.3330505
21211 259.0113318
21211 294.7184056
21211 299.7559188
21211 300.8707214
21211 317.0660549
21211 299.2767466
21211 351.0463590
21211 334.1227153
21211 295.0385675
21211 358.7526358
21211 262.9629411
21211 271.1793343
21211 338.9057511
21211 305.0978886
21211 289.2053035
21211 319.4930420
21211 290.2072327
21211 308.9583350
21211 321.2485436
21211 352.6130641
21211 317.3456167
21211 310.0223486
21211 277.9711085
21211 154.9617515
21211 74.7928909
