21929 167.9347405
21929 180.0577883
21929 202.3712931
21929 180.7688516
21929 148.8469069
21929 148.5364035
21929 178.9954956
21929 170.4687457
21929 295.3980248
21929 323.0311763
21929 273.2659232
21929 274.9862782
21929 292.4837781
21929 283.6578900
21929 282.9419887
21929 274.7726616
21929 284.1931200
21929 284.0081887
21929 335.1421206
21929 281.6042414
21929 316.3242054
21929 290.9213481
21929 276.5218862
21929 275.5661715
21929 332.4588914
21929 283.4214024
21929 302.4709232
21929 316.5862257
21929 295.7601846
21929 318.7727588
21929 313.4161750
21929 315.1885372
21929 329.9072587
21929 304.3572352
21929 324.0687047
21929 293.6803962
21929 298.0939880
21929 309.7159958
21929 273.4022430
21929 341.0532103
21929 84.3379260
21929 294.2846162
21929 319.4651310
21929 276.1610546
21929 271.0151267
21929 253.6151601
21929 304.0134840
21929 308.7657670
21929 281.5081930
21929 282.6804559
21929 283.5509197
21929 294.4774262
21929 314.3453926
21929 317.7538454
21929 292.8353060
21929 306.5724965
21929 285.2033360
21929 302.5666002
21929 273.1514807
21929 267.2329331
21929 312.6269035
21929 286.2389663
21929 290.9445411
21929 285.4121650
21929 314.1299677
21929 283.9255629
21929 267.7265970
21929 332.0746310
21929 308.5537430
21929 296.5839701
21929 314.6579765
21929 337.2693342
21929 153.3800668
21929 75.7206559
