17722 171.179
17722 177.095
17722 187.1
17722 182.042
17722 147.098
17722 144.181
17722 179.595
17722 164.919
17722 292.184
17722 305.52
17722 296.53
17722 310.275
17722 287.096
17722 276.35
17722 271.589
17722 272.162
17722 287.148
17722 241.229
17722 254.508
17722 270.635
17722 308.177
17722 309.146
17722 293.2
17722 258.984
17722 322.364
17722 266.583
17722 300.366
17722 325.235
17722 330.071
17722 325.721
17722 311.041
17722 306.46
17722 314.861
17722 332.675
17722 308.17
17722 273.795
17722 294.5
17722 317.064
17722 326.288
17722 319.763
17722 266.575
17722 283.838
17722 328.48
17722 270.194
17722 245.221
17722 245.867
17722 269.545
17722 306.541
17722 291.461
17722 249.638
17722 261.34
17722 286.558
17722 299.993
17722 307.863
17722 285.805
17722 301.043
17722 274.082
17722 307.665
17722 329.658
17722 249.706
17722 263.279
17722 251.643
17722 279.394
17722 263.946
17722 319.495
17722 270.585
17722 239.287
17722 355.548
17722 318.06
17722 288.668
17722 343.516
17722 342.187
