17635 170.342
17635 176.586
17635 194.781
17635 181.315
17635 146.863
17635 144.722
17635 179.65
17635 165.253
17635 289.215
17635 313.145
17635 289.881
17635 301.22
17635 285.162
17635 273.261
17635 272.94
17635 271.273
17635 286.276
17635 245.422
17635 261.08
17635 268.887
17635 308.239
17635 306.041
17635 287.493
17635 264.544
17635 323.663
17635 265.398
17635 294.494
17635 324.033
17635 321.17
17635 321.922
17635 306.599
17635 306.819
17635 321.618
17635 328.147
17635 306.051
17635 269.251
17635 290.658
17635 316.226
17635 319.634
17635 324.211
17635 264.018
17635 281.55
17635 328.462
17635 269.034
17635 243.187
17635 241.664
17635 268.681
17635 307.534
17635 292.151
17635 251.779
17635 259.152
17635 284.056
17635 308.048
17635 308.625
17635 284.873
17635 296.536
17635 274.855
17635 307.01
17635 323.33
17635 245.28
17635 263.873
17635 247.239
17635 274.408
17635 261.03
17635 318.733
17635 268.379
17635 230.764
17635 360.853
17635 314.26
17635 283.297
17635 345.748
17635 352.526
