17734 170.647
17734 176.494
17734 202.808
17734 181.45
17734 146.562
17734 144.98
17734 181.402
17734 165.92
17734 291.172
17734 299.426
17734 315.592
17734 337.594
17734 301.828
17734 292.097
17734 286.663
17734 286.467
17734 303.457
17734 246.373
17734 250.472
17734 282.58
17734 321.037
17734 321.121
17734 305.227
17734 259.055
17734 322.032
17734 271.877
17734 311.088
17734 338.379
17734 360.17
17734 347.899
17734 335.101
17734 318.361
17734 332.12
17734 356.078
17734 324.736
17734 289.736
17734 310.701
17734 330.765
17734 345.392
17734 319.328
17734 276.425
17734 292.974
17734 335.499
17734 286.466
17734 263.435
17734 267.172
17734 288.628
17734 328.049
17734 309.917
17734 264.842
17734 277.562
17734 308.379
17734 319.068
17734 315.577
17734 292.055
17734 316.574
17734 288.064
17734 309.812
17734 352.178
17734 266.544
17734 272.232
17734 278.454
17734 307.08
17734 287.346
17734 340.123
17734 288.844
17734 267.989
17734 367.591
17734 336.905
17734 307.735
17734 348.187
17734 325.846
