20673 168.5297258
20673 175.3369019
20673 178.2895489
20673 171.2699253
20673 142.0708297
20673 150.5424829
20673 194.9790717
20673 172.4218640
20673 310.2530605
20673 316.7929470
20673 288.6641314
20673 298.0467282
20673 287.3941634
20673 281.4014162
20673 305.7236577
20673 286.5805362
20673 302.9598823
20673 180.0657594
20673 332.2075269
20673 304.6799320
20673 319.4530123
20673 297.5993416
20673 287.5952223
20673 296.3784407
20673 305.0574001
20673 317.1862503
20673 343.1699222
20673 319.6009375
20673 336.8633473
20673 302.4137464
20673 321.6579286
20673 316.3857125
20673 342.4701853
20673 327.6158537
20673 328.8387783
20673 329.2671898
20673 335.0008439
20673 348.9248407
20673 330.2714169
20673 325.6586942
20673 88.9492350
20673 295.1899228
20673 322.4587048
20673 288.0431090
20673 280.3189389
20673 285.4536280
20673 316.6563266
20673 324.4125059
20673 314.8511315
20673 256.1249216
20673 289.8993947
20673 291.1926137
20673 304.0362166
20673 326.3674355
20673 305.8011296
20673 330.2733831
20673 321.2890542
20673 287.6810322
20673 295.2882979
20673 286.2503888
20673 273.0086075
20673 332.1768302
20673 292.8383348
20673 295.0767683
20673 311.5494792
20673 293.6754248
20673 293.2289502
20673 332.0105386
20673 350.9190734
20673 316.6119149
20673 327.6873432
20673 326.3582209
20673 146.3553288
20673 78.4627417
